0.224967,-0.253565,0.011520,-0.093800,-0.148576,-0.161884,0.081259,-0.067287,0.145861,-0.020687,-0.002517,0.182748,-0.032746,0.103171,0.008476,-0.116096,0.079035,0.144403,0.031777,-0.098438,-0.102894,-0.023413,-0.040732,0.033301,0.014177,0.038354,0.030686,-0.126494,-0.028610,-0.017866,-0.066445,0.014310,-0.086044,-0.035771,0.080083,-0.073316,0.050970,-0.029961,-0.004525,0.040297,0.049481,0.004147,0.017543,-0.017568,0.080281,0.042482,0.077761,0.009598,0.066981,-0.131539,-0.069058,0.031714,-0.066381,0.009624,0.008492,-0.013871,-0.089272,-0.080815,-0.094161,-0.103139,0.082539,-0.063220,0.029928,0.056628,0.009719,0.017149,0.058598,-0.042378,-0.026437,0.017048,0.029707
-0.253565,0.863526,-0.072209,0.023286,0.433107,0.513212,0.139758,0.182039,-0.170459,0.108657,0.072008,-0.140119,-0.090062,-0.065845,0.099143,0.004516,-0.138135,-0.281028,-0.239546,0.199001,-0.158173,0.141349,-0.002013,0.007539,-0.173721,0.069811,-0.022989,0.030565,-0.009429,0.059424,-0.087968,0.229857,0.011295,-0.097076,-0.166650,0.064434,-0.074274,-0.028365,0.028895,-0.095301,-0.073990,-0.118650,0.091169,-0.027704,0.016405,-0.353579,-0.061836,-0.060863,-0.182112,0.062611,-0.054069,0.158370,0.105875,0.092247,-0.168644,-0.017507,0.050441,-0.017485,0.065926,0.096596,0.019082,0.031268,-0.016216,-0.036369,-0.186712,0.000833,-0.184072,-0.022027,0.043380,0.003668,-0.062640
0.011520,-0.072209,0.286822,0.013154,0.054154,0.006383,-0.098781,-0.174772,-0.137593,-0.005387,-0.117539,0.105337,0.013044,0.122753,-0.029276,-0.076609,0.105351,0.028199,-0.063782,-0.062542,0.113971,0.064684,-0.104102,0.120603,0.109900,-0.086638,0.037014,0.022022,-0.026684,-0.041435,0.010183,0.003934,0.098756,0.050500,0.063627,0.068988,-0.055447,0.102791,-0.010060,0.140787,0.048229,0.034071,-0.076074,0.001512,0.010243,0.129162,0.059792,0.058828,0.059248,0.018956,0.048492,-0.066658,-0.090708,-0.075314,0.020968,0.046219,-0.019824,0.030898,0.042355,-0.027974,-0.123041,-0.106344,-0.010711,-0.012133,0.080508,-0.014114,-0.055304,0.057909,-0.046394,0.010558,-0.062861
-0.093800,0.023286,0.013154,0.300691,0.002035,0.144306,-0.036329,-0.039265,0.083785,-0.161001,0.052998,-0.070789,0.048963,0.156815,-0.086726,0.000503,-0.064433,-0.101243,0.023730,0.048484,0.100416,-0.174026,0.067873,-0.092469,-0.112807,-0.056326,0.064381,0.105268,0.011807,0.007285,-0.006740,-0.052468,0.041420,0.012791,0.030701,0.012519,-0.016746,0.055300,0.032153,-0.024692,0.076837,0.092216,-0.002911,-0.078398,0.024129,0.002120,0.012722,-0.046968,-0.040243,-0.034164,0.044172,-0.026675,0.106702,0.061678,0.080819,-0.029341,-0.023714,0.015658,0.034749,0.179425,-0.036066,-0.005665,-0.089689,-0.100755,0.013101,0.011953,-0.051156,-0.005525,-0.024773,-0.079728,0.002466
-0.148576,0.433107,0.054154,0.002035,0.422245,0.295799,0.040428,0.146680,-0.283788,-0.050667,-0.032490,-0.146812,-0.076565,-0.108532,0.030708,0.020223,-0.088106,-0.055977,-0.155648,0.128684,0.020570,0.102055,-0.050808,0.110018,0.013257,0.063895,-0.044301,0.048649,0.057945,0.088393,-0.104433,0.087322,0.152496,-0.038069,-0.081487,0.113255,-0.156666,-0.032297,-0.015811,0.057127,-0.014217,-0.106829,0.034769,0.079953,0.059317,-0.092272,0.030987,0.077371,-0.035450,0.070239,-0.009117,0.143463,-0.015360,-0.032370,-0.019295,0.142076,0.119264,-0.030175,0.084717,-0.028457,-0.141590,0.022111,-0.021597,-0.089706,-0.080320,-0.027326,-0.191432,0.039779,0.020226,-0.004549,-0.134378
-0.161884,0.513212,0.006383,0.144306,0.295799,0.631878,0.200245,-0.052216,-0.180302,0.028456,-0.010953,-0.052067,-0.111972,0.127623,0.068842,0.045166,-0.052293,-0.238695,-0.140746,0.024780,-0.012679,0.003241,0.072386,-0.105573,-0.177642,-0.031170,0.063103,-0.008694,-0.075249,0.098673,-0.111126,0.159099,0.125957,-0.019837,-0.029428,-0.020867,-0.105221,-0.039220,0.088194,0.021414,-0.047357,-0.056188,0.063763,-0.006428,0.162815,-0.218172,0.057998,-0.072853,-0.161277,-0.043150,0.038558,0.040662,0.101256,0.071246,-0.084819,-0.047065,-0.125592,-0.020885,0.081653,0.147254,-0.004097,-0.020786,-0.063908,-0.054181,-0.069213,-0.072503,-0.147353,0.012430,0.023911,-0.037584,-0.009009
0.081259,0.139758,-0.098781,-0.036329,0.040428,0.200245,0.274355,0.043242,0.107388,0.030464,-0.015405,0.100775,-0.119544,0.105997,0.066428,-0.003903,-0.046863,0.032866,-0.083637,-0.077067,-0.148078,0.060816,0.031072,-0.093757,-0.147074,0.087283,0.059723,-0.177602,-0.029539,0.039988,-0.129119,0.104333,-0.043659,-0.077671,0.002084,-0.079816,-0.006524,-0.119194,-0.000965,0.017902,0.012900,0.005174,0.072234,-0.042140,0.114247,-0.184596,0.100614,-0.034340,-0.032061,-0.194127,-0.034988,0.055367,0.021465,0.026516,-0.062495,-0.053898,-0.106055,-0.060989,-0.040021,-0.012508,0.124233,-0.043739,0.031670,0.082357,-0.052302,0.033572,-0.052036,-0.112442,-0.024578,0.010015,0.047341
-0.067287,0.182039,-0.174772,-0.039265,0.146680,-0.052216,0.043242,0.367352,-0.025116,-0.104132,0.057028,-0.166790,-0.040653,-0.221472,-0.002333,0.094136,-0.168423,0.044688,-0.013807,0.145307,-0.011665,0.019901,0.033165,0.044136,-0.015761,0.163327,-0.015489,0.087678,0.077755,0.080210,-0.058240,-0.059997,-0.067930,-0.065475,-0.137063,0.091732,-0.027771,-0.106525,-0.028983,-0.107880,-0.016531,-0.037232,0.080936,0.101194,-0.138345,-0.136291,-0.087619,-0.025793,-0.035362,0.066340,-0.093236,0.102705,0.007366,-0.075909,0.085181,0.084355,0.219824,0.040424,0.005692,-0.072639,-0.022030,0.176034,0.038309,0.026191,-0.102570,0.094876,-0.030863,-0.049580,0.049255,0.031090,-0.036101
0.145861,-0.170459,-0.137593,0.083785,-0.283788,-0.180302,0.107388,-0.025116,0.588226,-0.035328,0.163925,0.093313,0.062752,0.177618,-0.035907,-0.048871,-0.084980,0.035143,0.109069,-0.056567,-0.229558,-0.118197,0.041613,-0.193158,-0.258042,0.073323,0.092211,-0.144624,0.012070,-0.139272,0.106362,0.038686,-0.230885,-0.072345,0.049449,-0.108648,0.086073,0.006934,-0.038649,-0.013870,0.138550,0.126005,0.019302,-0.279918,0.060776,-0.118415,0.029509,-0.051454,0.002634,-0.265811,-0.037273,0.010980,0.110750,0.192112,-0.009898,-0.192197,-0.109623,-0.120696,-0.083275,0.127895,0.238043,-0.101777,0.013678,0.114026,-0.043762,0.133676,0.002294,-0.151411,-0.034931,-0.041349,0.000015
-0.020687,0.108657,-0.005387,-0.161001,-0.050667,0.028456,0.030464,-0.104132,-0.035328,0.265636,-0.052034,0.057139,-0.026935,-0.035650,0.076300,-0.005383,0.069638,-0.056141,-0.080399,-0.060943,-0.072768,0.181884,-0.030537,-0.053678,-0.011451,-0.039857,-0.049620,-0.117588,-0.049031,-0.078177,0.059953,0.098374,-0.025406,-0.001611,-0.024244,-0.056819,0.046980,0.005445,-0.015823,-0.019773,-0.084389,-0.034402,-0.045577,-0.023000,-0.000946,-0.035651,-0.009921,0.007154,0.004483,0.000415,0.049770,-0.064201,-0.010604,0.035024,-0.164701,-0.069327,-0.058463,0.008018,-0.003361,-0.022427,0.080782,-0.077479,0.060010,0.071864,0.017091,-0.040127,0.041686,-0.019833,-0.005422,0.040362,0.054883
-0.002517,0.072008,-0.117539,0.052998,-0.032490,-0.010953,-0.015405,0.057028,0.163925,-0.052034,0.311095,-0.148025,0.051744,-0.005715,0.007916,0.018858,-0.138133,-0.028600,0.113767,0.086899,-0.162183,-0.138330,0.035116,-0.115112,-0.097269,0.014552,-0.006898,0.107725,-0.007729,0.061224,0.039895,0.100150,-0.127475,-0.039088,-0.104053,-0.021836,0.003887,0.012112,0.004691,-0.081769,-0.020012,-0.021137,0.049182,-0.110613,0.041428,-0.094615,-0.170323,-0.103579,-0.030545,-0.032605,0.009785,0.122911,0.081538,0.180031,-0.050586,-0.089192,0.077858,-0.031530,0.002684,0.089173,0.078016,0.159160,-0.029782,0.055196,-0.109952,0.045624,-0.013814,0.063822,-0.006986,-0.013380,-0.013109
0.182748,-0.140119,0.105337,-0.070789,-0.146812,-0.052067,0.100775,-0.166790,0.093313,0.057139,-0.148025,0.440216,0.015293,0.174604,0.004736,-0.144979,0.215203,0.082881,-0.074979,-0.229963,-0.107259,0.117391,-0.103144,0.137605,0.015963,-0.059769,0.042251,-0.213586,-0.060127,-0.041657,-0.071967,0.041528,-0.038775,0.024459,0.168735,-0.105234,0.069648,0.011192,0.005566,0.036447,-0.003261,0.035908,0.007623,-0.057855,0.019390,0.011476,0.182937,0.016835,0.051368,-0.068348,-0.071403,-0.038625,-0.038217,-0.081452,-0.090403,-0.028255,-0.213448,-0.021102,-0.108442,-0.130050,0.053515,-0.180985,0.001353,-0.008119,0.086240,-0.016479,0.077428,-0.090212,-0.063057,0.049247,0.095270
-0.032746,-0.090062,0.013044,0.048963,-0.076565,-0.111972,-0.119544,-0.040653,0.062752,-0.026935,0.051744,0.015293,0.154428,-0.014509,-0.018398,0.048975,0.010922,-0.017205,0.078681,-0.042013,-0.025010,-0.060934,-0.017597,0.012400,0.022067,-0.047171,-0.055540,0.030218,0.015548,0.008117,0.090764,-0.011979,-0.022321,0.076234,0.041965,0.034665,0.014296,0.072267,0.017898,0.024579,-0.058924,0.040596,-0.004879,-0.062974,-0.059267,0.071393,-0.047575,0.004580,0.016376,0.085292,0.012445,0.008963,0.071694,-0.004182,-0.058375,-0.015862,-0.000783,-0.000597,-0.004835,0.049062,-0.031985,0.028184,-0.029642,-0.030129,-0.003943,0.007450,0.031554,0.047014,0.001182,-0.020687,-0.014545
0.103171,-0.065845,0.122753,0.156815,-0.108532,0.127623,0.105997,-0.221472,0.177618,-0.035650,-0.005715,0.174604,-0.014509,0.398667,0.014956,-0.128096,0.040374,-0.005431,-0.034740,-0.119217,-0.083794,-0.111591,0.022241,-0.068251,-0.073409,-0.059589,0.103197,-0.087908,-0.063222,-0.010913,-0.080158,0.079491,-0.021551,-0.006362,0.107093,-0.067212,0.056018,0.041345,0.032124,0.109502,0.112572,0.131909,0.000779,-0.163895,0.123858,-0.016490,0.081011,-0.049578,-0.015991,-0.219277,0.017285,-0.034692,0.024006,0.061501,-0.043065,-0.128446,-0.222479,-0.026156,-0.060838,0.136410,0.099830,-0.129518,-0.031508,0.044705,0.017667,0.032406,-0.034013,-0.038956,-0.101516,-0.048361,0.088323
0.008476,0.099143,-0.029276,-0.086726,0.030708,0.068842,0.066428,-0.002333,-0.035907,0.076300,0.007916,0.004736,-0.018398,0.014956,0.093180,0.022603,-0.003342,-0.015116,-0.007675,-0.033931,-0.113928,0.006345,0.028852,0.007360,0.033642,0.017784,-0.028741,-0.044054,-0.020170,0.053252,-0.016785,0.077521,-0.011560,0.011040,-0.014229,-0.016982,0.021659,-0.037864,0.024563,0.047445,-0.047871,-0.024658,0.035717,-0.006308,0.020150,-0.059020,-0.037429,-0.014395,-0.051993,-0.009834,-0.018682,0.033710,0.000266,-0.005247,-0.095105,-0.046999,-0.062718,-0.002125,-0.030295,0.008635,0.060814,0.027128,0.025264,0.061404,-0.049170,-0.005759,0.001582,0.023172,0.002742,0.012812,0.044625
-0.116096,0.004516,-0.076609,0.000503,0.020223,0.045166,-0.003903,0.094136,-0.048871,-0.005383,0.018858,-0.144979,0.048975,-0.128096,0.022603,0.284808,-0.134334,0.001780,0.096094,0.034495,0.080569,0.031285,0.058320,-0.162029,0.018321,0.002773,-0.023029,0.055012,0.006919,0.106847,0.033336,-0.036801,0.068135,0.043956,-0.070630,0.073184,-0.039083,-0.021728,-0.014646,0.022388,-0.098651,0.071793,0.038946,0.014517,-0.078082,-0.042042,-0.080805,-0.053357,-0.023451,0.066161,0.095927,-0.030340,0.036002,-0.074880,0.025049,-0.000485,0.032855,0.077058,0.123580,0.102209,-0.055470,0.175221,-0.009705,0.078284,-0.009638,0.010329,-0.021137,0.048543,0.029209,-0.012861,-0.042153
0.079035,-0.138135,0.105351,-0.064433,-0.088106,-0.052293,-0.046863,-0.168423,-0.084980,0.069638,-0.138133,0.215203,0.010922,0.040374,-0.003342,-0.134334,0.224219,-0.014796,-0.020474,-0.131631,0.023830,0.016516,-0.039327,0.173639,0.093501,-0.087986,-0.001590,-0.057392,-0.041018,-0.067307,0.035146,-0.032924,0.023784,0.067919,0.124797,-0.075326,0.042106,0.032142,0.045988,0.017051,-0.011953,-0.059952,-0.048085,0.055179,0.004305,0.117026,0.088870,0.051176,0.006043,0.068996,-0.047666,-0.079756,-0.048253,-0.052947,-0.027353,0.005812,-0.114019,0.001738,-0.079038,-0.115904,-0.007752,-0.140237,-0.000964,-0.079784,0.093561,-0.081044,0.102241,0.009142,0.010136,0.034620,0.069559
0.144403,-0.281028,0.028199,-0.101243,-0.055977,-0.238695,0.032866,0.044688,0.035143,-0.056141,-0.028600,0.082881,-0.017205,-0.005431,-0.015116,0.001780,-0.014796,0.283698,0.004699,-0.092568,-0.016640,0.102619,-0.081169,0.037610,0.114955,0.038747,-0.027033,-0.090858,0.061469,0.042053,-0.087714,-0.023273,0.023181,-0.018829,0.014701,-0.000130,-0.015180,-0.053500,-0.109445,0.076112,0.036726,0.056528,-0.013337,0.001275,0.012452,0.094960,0.064693,0.080687,0.165768,-0.100825,0.037692,0.038643,-0.108932,-0.090208,0.017838,0.086987,0.061897,0.007807,-0.022006,-0.140426,-0.035081,0.015122,0.037076,0.062074,0.057910,0.044935,-0.010819,-0.028612,-0.099271,0.033806,0.012539
0.031777,-0.239546,-0.063782,0.023730,-0.155648,-0.140746,-0.083637,-0.013807,0.109069,-0.080399,0.113767,-0.074979,0.078681,-0.034740,-0.007675,0.096094,-0.020474,0.004699,0.233062,0.009654,-0.001167,-0.199451,0.098030,-0.034565,0.063156,-0.034115,0.019798,0.113437,-0.000204,0.035871,0.123844,-0.080751,-0.023141,0.065366,0.012334,-0.035549,0.034877,0.012359,0.030944,0.008080,0.013658,0.016708,0.018805,-0.028288,-0.025279,0.049794,-0.104951,-0.053018,-0.059060,0.047457,0.003692,-0.033237,0.015103,0.027707,0.091007,-0.074065,-0.040412,0.029366,-0.000201,0.074961,0.034175,0.115345,-0.034981,0.028339,0.013572,-0.006477,0.075892,0.085394,0.042417,-0.015453,0.010519
-0.098438,0.199001,-0.062542,0.048484,0.128684,0.024780,-0.077067,0.145307,-0.056567,-0.060943,0.086899,-0.229963,-0.042013,-0.119217,-0.033931,0.034495,-0.131631,-0.092568,0.009654,0.328892,0.092192,-0.025727,0.009093,-0.077171,0.000472,0.051468,-0.016870,0.155299,0.019551,0.018891,-0.069938,-0.029557,0.027676,-0.106953,-0.121247,0.093436,0.008978,0.039359,-0.021221,-0.125002,0.040839,-0.014265,0.043156,0.042131,-0.027974,-0.063267,-0.091645,-0.054170,-0.043012,0.070961,-0.018850,0.066086,-0.023907,0.066430,0.138890,0.061994,0.088101,-0.015091,0.105999,0.111735,-0.047807,0.118645,-0.042471,-0.041591,-0.077346,-0.017285,-0.049517,0.036940,0.063122,-0.052403,-0.120433
-0.102894,-0.158173,0.113971,0.100416,0.020570,-0.012679,-0.148078,-0.011665,-0.229558,-0.072768,-0.162183,-0.107259,-0.025010,-0.083794,-0.113928,0.080569,0.023830,-0.016640,-0.001167,0.092192,0.388563,0.024050,-0.000264,-0.026601,0.082254,-0.061496,0.035510,0.146970,-0.004375,-0.025984,-0.005021,-0.203155,0.149918,0.030703,-0.002831,0.102768,-0.048371,0.052848,-0.001074,-0.034308,0.015748,0.043730,-0.074215,0.173649,-0.092865,0.164550,0.028092,0.012050,0.050338,0.123820,0.083511,-0.157913,-0.068497,-0.127173,0.221134,0.130040,0.101772,0.099731,0.127822,0.004294,-0.194770,0.025020,-0.025274,-0.081223,0.119159,-0.049774,0.020112,0.034979,0.040294,-0.020542,-0.062902
-0.023413,0.141349,0.064684,-0.174026,0.102055,0.003241,0.060816,0.019901,-0.118197,0.181884,-0.138330,0.117391,-0.060934,-0.111591,0.006345,0.031285,0.016516,0.102619,-0.199451,-0.025727,0.024050,0.406624,-0.171459,-0.016767,0.009095,0.004005,-0.055704,-0.166887,0.010795,-0.044060,-0.081511,0.082340,0.068841,-0.062795,-0.049741,0.032556,-0.045974,-0.007411,-0.129331,-0.013937,-0.068496,0.009346,-0.041244,0.011248,-0.024508,-0.038275,0.108551,0.075255,0.143211,-0.016418,0.085284,-0.008048,-0.085287,-0.078385,-0.104985,0.099654,0.061780,0.017857,0.082856,-0.130561,-0.068297,-0.078080,0.053347,0.043101,0.056059,-0.010097,-0.064540,-0.079762,-0.065295,0.061097,-0.050392
-0.040732,-0.002013,-0.104102,0.067873,-0.050808,0.072386,0.031072,0.033165,0.041613,-0.030537,0.035116,-0.103144,-0.017597,0.022241,0.028852,0.058320,-0.039327,-0.081169,0.098030,0.009093,-0.000264,-0.171459,0.155808,-0.044546,-0.015207,0.000750,0.045713,0.078000,-0.004143,0.027785,0.061166,-0.056293,-0.013208,0.034190,-0.012359,-0.050961,0.036467,-0.050919,0.057083,-0.017741,0.027911,0.001861,0.024218,0.005963,-0.016627,-0.050545,-0.070559,-0.059514,-0.126432,0.000176,-0.014658,-0.054013,0.047894,0.019853,0.056039,-0.092308,-0.051236,0.050944,-0.027602,0.093752,0.077897,0.060644,-0.008902,0.016370,-0.010975,0.002885,0.039889,0.013708,0.038602,-0.016174,0.082386
0.033301,0.007539,0.120603,-0.092469,0.110018,-0.105573,-0.093757,0.044136,-0.193158,-0.053678,-0.115112,0.137605,0.012400,-0.068251,0.007360,-0.162029,0.173639,0.037610,-0.034565,-0.077171,-0.026601,-0.016767,-0.044546,0.426462,0.216875,-0.016625,-0.019526,0.061866,0.055018,-0.003016,0.039799,-0.057677,0.039310,0.085075,0.069176,-0.001558,-0.013269,-0.011097,0.024243,0.048182,0.034729,-0.128800,-0.019423,0.107501,-0.085915,0.085065,0.026173,0.110589,-0.038750,0.168716,-0.138616,0.018871,-0.088721,-0.141560,0.014416,0.084048,0.040903,0.055500,-0.117926,-0.213989,-0.075992,-0.066250,0.006088,-0.117788,0.046294,-0.022622,0.036517,0.041720,0.009735,0.076737,0.045591
0.014177,-0.173721,0.109900,-0.112807,0.013257,-0.177642,-0.147074,-0.015761,-0.258042,-0.011451,-0.097269,0.015963,0.022067,-0.073409,0.033642,0.018321,0.093501,0.114955,0.063156,0.000472,0.082254,0.009095,-0.015207,0.216875,0.352951,-0.079839,-0.072880,0.102753,0.039390,0.091167,-0.017973,-0.085043,0.147676,0.089198,0.019324,0.028617,0.035413,0.012755,-0.028173,0.072398,-0.008193,-0.011004,-0.019906,0.104118,-0.091589,0.167745,-0.051667,0.064745,0.019802,0.160841,0.013920,-0.035483,-0.150424,-0.169620,0.047555,0.083643,-0.009010,0.127570,-0.005352,-0.082243,-0.108438,0.079162,-0.013851,-0.032355,0.089885,-0.068826,0.061765,0.128634,-0.032260,0.035803,0.063797
0.038354,0.069811,-0.086638,-0.056326,0.063895,-0.031170,0.087283,0.163327,0.073323,-0.039857,0.014552,-0.059769,-0.047171,-0.059589,0.017784,0.002773,-0.087986,0.038747,-0.034115,0.051468,-0.061496,0.004005,0.000750,-0.016625,-0.079839,0.150032,0.002322,-0.050476,0.025041,0.000523,-0.049669,0.006507,-0.089694,-0.071294,-0.041346,0.051952,-0.018367,-0.065642,-0.000769,0.000126,0.013955,-0.021587,0.047921,0.036463,-0.000998,-0.078995,0.004928,0.006515,0.001037,-0.061056,-0.085457,0.084931,0.007318,-0.002387,0.024671,0.033807,0.082403,-0.075607,-0.026104,-0.045887,0.038205,0.021597,0.055146,0.055602,-0.097625,0.074619,-0.037568,-0.067404,0.042095,-0.001068,-0.063253
0.030686,-0.022989,0.037014,0.064381,-0.044301,0.063103,0.059723,-0.015489,0.092211,-0.049620,-0.006898,0.042251,-0.055540,0.103197,-0.028741,-0.023029,-0.001590,-0.027033,0.019798,-0.016870,0.035510,-0.055704,0.045713,-0.019526,-0.072880,0.002322,0.132513,0.031425,-0.039070,-0.039420,0.023768,-0.034133,-0.039932,-0.015093,0.005898,-0.028089,-0.003741,-0.008731,0.018721,-0.003967,0.088629,0.032726,-0.000910,-0.022375,-0.001377,-0.066812,0.015863,-0.062165,-0.058262,-0.075037,-0.018927,-0.073637,-0.010760,0.007163,0.103829,-0.067608,-0.036044,0.033772,0.001522,0.028094,0.042319,-0.027977,-0.000163,0.050119,0.024164,0.045328,-0.008214,-0.039929,0.006306,0.012318,0.007242
-0.126494,0.030565,0.022022,0.105268,0.048649,-0.008694,-0.177602,0.087678,-0.144624,-0.117588,0.107725,-0.213586,0.030218,-0.087908,-0.044054,0.055012,-0.057392,-0.090858,0.113437,0.155299,0.146970,-0.166887,0.078000,0.061866,0.102753,-0.050476,0.031425,0.306612,0.002611,0.062150,0.073693,-0.104969,0.023415,0.046781,-0.095039,0.073063,-0.011929,0.044730,0.042348,-0.080772,0.010992,-0.025406,-0.002614,0.083563,-0.125602,0.031092,-0.189992,-0.082668,-0.091887,0.179294,0.004851,-0.036200,-0.008852,-0.018506,0.148800,0.007214,0.139355,0.133585,0.057618,0.062176,-0.091647,0.186647,-0.047860,-0.036482,-0.004154,0.000740,0.026179,0.129415,0.047580,0.003016,-0.006466
-0.028610,-0.009429,-0.026684,0.011807,0.057945,-0.075249,-0.029539,0.077755,0.012070,-0.049031,-0.007729,-0.060127,0.015548,-0.063222,-0.020170,0.006919,-0.041018,0.061469,-0.000204,0.019551,-0.004375,0.010795,-0.004143,0.055018,0.039390,0.025041,-0.039070,0.002611,0.090279,-0.009597,0.022160,-0.031145,0.051041,0.001962,-0.005386,0.009519,-0.028988,-0.019967,-0.058930,0.025676,0.050199,-0.000780,-0.017429,-0.020609,-0.006240,0.028055,0.022343,0.084914,0.030983,0.002083,0.012826,0.032586,-0.006617,-0.011959,0.016685,0.050087,0.062561,-0.001460,-0.003845,-0.018462,-0.030451,-0.016433,-0.004263,-0.049125,0.016372,0.012079,-0.048262,-0.015378,-0.026631,-0.007044,-0.019212
-0.017866,0.059424,-0.041435,0.007285,0.088393,0.098673,0.039988,0.080210,-0.139272,-0.078177,0.061224,-0.041657,0.008117,-0.010913,0.053252,0.106847,-0.067307,0.042053,0.035871,0.018891,-0.025984,-0.044060,0.027785,-0.003016,0.091167,0.000523,-0.039420,0.062150,-0.009597,0.201591,-0.132432,0.031786,0.054566,0.020930,-0.038753,0.037957,-0.011699,-0.045112,0.026233,0.013037,-0.089986,0.008527,0.088846,0.051790,-0.006080,-0.033804,-0.066658,-0.060999,-0.024364,0.051003,0.004105,0.090604,0.001370,-0.071258,-0.024455,0.036959,-0.002624,0.048822,0.022636,0.018131,-0.049667,0.184372,-0.035599,0.013488,-0.051907,-0.015608,-0.006707,0.081045,-0.015394,-0.003143,0.038410
-0.066445,-0.087968,0.010183,-0.006740,-0.104433,-0.111126,-0.129119,-0.058240,0.106362,0.059953,0.039895,-0.071967,0.090764,-0.080158,-0.016785,0.033336,0.035146,-0.087714,0.123844,-0.069938,-0.005021,-0.081511,0.061166,0.039799,-0.017973,-0.049669,0.023768,0.073693,0.022160,-0.132432,0.305523,-0.051219,-0.048353,0.099411,0.007601,-0.034733,-0.015690,0.045380,0.014712,0.030886,0.024619,-0.035930,-0.083859,-0.063902,-0.065551,0.041405,-0.081672,0.031252,-0.066002,0.075658,0.026607,-0.112873,0.050990,0.054894,0.000716,-0.106417,0.038141,0.036372,-0.012145,0.027063,0.039404,-0.050637,0.020023,0.016382,0.045223,0.019398,0.034134,0.033377,0.049224,0.024407,-0.013867
0.014310,0.229857,0.003934,-0.052468,0.087322,0.159099,0.104333,-0.059997,0.038686,0.098374,0.100150,0.041528,-0.011979,0.079491,0.077521,-0.036801,-0.032924,-0.023273,-0.080751,-0.029557,-0.203155,0.082340,-0.056293,-0.057677,-0.085043,0.006507,-0.034133,-0.104969,-0.031145,0.031786,-0.051219,0.207911,-0.032739,-0.043928,-0.029961,-0.027846,-0.022396,0.002080,-0.010931,0.039534,-0.049306,-0.028087,0.031631,-0.111888,0.120098,-0.114356,-0.000968,-0.012413,0.003550,-0.092312,0.020371,0.114697,0.037245,0.108910,-0.190565,-0.054252,-0.054891,-0.078270,-0.003145,0.028893,0.067038,-0.025440,0.004034,0.053571,-0.082155,-0.000107,-0.079818,0.005353,-0.045123,0.001623,-0.014418
-0.086044,0.011295,0.098756,0.041420,0.152496,0.125957,-0.043659,-0.067930,-0.230885,-0.025406,-0.127475,-0.038775,-0.022321,-0.021551,-0.011560,0.068135,0.023784,0.023181,-0.023141,0.027676,0.149918,0.068841,-0.013208,0.039310,0.147676,-0.089694,-0.039932,0.023415,0.051041,0.054566,-0.048353,-0.032739,0.263733,0.043635,0.032540,0.013278,-0.071698,0.014251,-0.051084,0.090686,0.024805,0.008102,-0.033269,0.033923,0.061533,0.092383,0.089981,0.098225,0.024775,0.054655,0.110415,-0.030520,-0.066469,-0.072413,0.045472,0.099643,-0.055016,0.044791,0.097499,0.034531,-0.141914,-0.029778,-0.066101,-0.113052,0.101565,-0.109622,-0.080357,0.066531,-0.037846,-0.028842,-0.031404
-0.035771,-0.097076,0.050500,0.012791,-0.038069,-0.019837,-0.077671,-0.065475,-0.072345,-0.001611,-0.039088,0.024459,0.076234,-0.006362,0.011040,0.043956,0.067919,-0.018829,0.065366,-0.106953,0.030703,-0.062795,0.034190,0.085075,0.089198,-0.071294,-0.015093,0.046781,0.001962,0.020930,0.099411,-0.043928,0.043635,0.114293,0.051625,-0.004897,-0.006729,0.018907,0.039836,0.063859,-0.042071,-0.003315,-0.026207,0.016566,-0.050219,0.082296,-0.027203,0.020604,-0.031092,0.096188,0.019242,-0.061345,0.019037,-0.066675,-0.024947,-0.020042,-0.026378,0.062480,-0.019199,-0.004840,-0.038281,0.007966,-0.012180,-0.026265,0.049248,-0.023981,0.043917,0.062835,0.006220,0.013445,0.047757
0.080083,-0.166650,0.063627,0.030701,-0.081487,-0.029428,0.002084,-0.137063,0.049449,-0.024244,-0.104053,0.168735,0.041965,0.107093,-0.014229,-0.070630,0.124797,0.014701,0.012334,-0.121247,-0.002831,-0.049741,-0.012359,0.069176,0.019324,-0.041346,0.005898,-0.095039,-0.005386,-0.038753,0.007601,-0.029961,0.032540,0.051625,0.144101,-0.048976,0.020286,0.023809,0.031857,0.080042,0.028505,0.018627,-0.015922,-0.024323,0.054136,0.091976,0.122350,0.057742,0.016114,-0.025372,-0.029986,-0.033278,0.007127,-0.027445,-0.009274,-0.002019,-0.142435,-0.052794,-0.060057,-0.016148,0.004024,-0.133576,-0.021915,-0.068418,0.057220,-0.039015,0.034278,-0.020839,-0.006450,-0.021653,0.022938
-0.073316,0.064434,0.068988,0.012519,0.113255,-0.020867,-0.079816,0.091732,-0.108648,-0.056819,-0.021836,-0.105234,0.034665,-0.067212,-0.016982,0.073184,-0.075326,-0.000130,-0.035549,0.093436,0.102768,0.032556,-0.050961,-0.001558,0.028617,0.051952,-0.028089,0.073063,0.009519,0.037957,-0.034733,-0.027846,0.013278,-0.004897,-0.048976,0.166060,-0.048830,0.042997,0.004411,0.033625,-0.041270,0.032703,0.010089,0.067662,-0.082115,0.030214,-0.048286,-0.001016,0.032257,0.077795,-0.002714,0.033439,-0.007890,-0.079637,0.041760,0.090458,0.127416,0.006541,0.072290,0.014331,-0.117174,0.078453,0.012942,0.018417,-0.055872,0.044873,-0.053036,0.033632,0.030965,-0.017298,-0.113698
0.050970,-0.074274,-0.055447,-0.016746,-0.156666,-0.105221,-0.006524,-0.027771,0.086073,0.046980,0.003887,0.069648,0.014296,0.056018,0.021659,-0.039083,0.042106,-0.015180,0.034877,0.008978,-0.048371,-0.045974,0.036467,-0.013269,0.035413,-0.018367,-0.003741,-0.011929,-0.028988,-0.011699,-0.015690,-0.022396,-0.071698,-0.006729,0.020286,-0.048830,0.125666,0.007864,0.019257,-0.066283,0.001404,0.041165,0.019051,-0.022788,-0.054443,-0.003846,-0.038782,-0.057400,-0.029383,-0.002347,-0.041907,-0.038172,-0.002311,0.003778,-0.009791,-0.067592,-0.092423,0.027565,-0.061187,0.034414,0.090937,0.010147,0.004832,0.026571,0.003309,-0.000996,0.102127,-0.019329,-0.005209,-0.002673,0.101377
-0.029961,-0.028365,0.102791,0.055300,-0.032297,-0.039220,-0.119194,-0.106525,0.006934,0.005445,0.012112,0.011192,0.072267,0.041345,-0.037864,-0.021728,0.032142,-0.053500,0.012359,0.039359,0.052848,-0.007411,-0.050919,-0.011097,0.012755,-0.065642,-0.008731,0.044730,-0.019967,-0.045112,0.045380,0.002080,0.014251,0.018907,0.023809,0.042997,0.007864,0.108443,0.003705,0.009848,0.002685,0.036423,-0.034594,-0.047595,-0.013538,0.068091,-0.016066,-0.004172,0.023194,0.046879,0.032354,-0.026622,0.007681,0.029946,0.000557,-0.003594,-0.017504,-0.007934,0.042101,0.067099,-0.048821,-0.030893,-0.033517,-0.030768,0.018017,-0.017657,-0.003006,0.043647,-0.001695,-0.027344,-0.056727
-0.004525,0.028895,-0.010060,0.032153,-0.015811,0.088194,-0.000965,-0.028983,-0.038649,-0.015823,0.004691,0.005566,0.017898,0.032124,0.024563,-0.014646,0.045988,-0.109445,0.030944,-0.021221,-0.001074,-0.129331,0.057083,0.024243,-0.028173,-0.000769,0.018721,0.042348,-0.058930,0.026233,0.014712,-0.010931,-0.051084,0.039836,0.031857,0.004411,0.019257,0.003705,0.111095,-0.007886,-0.051846,-0.040713,0.031605,0.059107,-0.008896,-0.005787,-0.037676,-0.059102,-0.086193,0.059193,-0.070729,-0.006719,0.052875,-0.002419,-0.004446,-0.036956,-0.044907,-0.014521,-0.040744,0.019737,0.020090,0.023972,-0.004615,-0.015265,-0.047273,-0.014754,0.057546,0.033214,0.069626,-0.009616,0.025273
0.040297,-0.095301,0.140787,-0.024692,0.057127,0.021414,0.017902,-0.107880,-0.013870,-0.019773,-0.081769,0.036447,0.024579,0.109502,0.047445,0.022388,0.017051,0.076112,0.008080,-0.125002,-0.034308,-0.013937,-0.017741,0.048182,0.072398,0.000126,-0.003967,-0.080772,0.025676,0.013037,0.030886,0.039534,0.090686,0.063859,0.080042,0.033625,-0.066283,0.009848,-0.007886,0.243637,0.042127,0.038460,-0.024209,-0.054363,0.086321,0.075668,0.070508,0.099115,0.023862,-0.073980,0.037541,0.005588,-0.031162,-0.050727,-0.042080,0.001819,-0.079306,-0.042046,-0.000498,0.018382,-0.031133,-0.085625,0.012542,0.039782,0.016185,0.010589,-0.090275,0.036295,-0.035888,-0.018891,-0.052544
0.049481,-0.073990,0.048229,0.076837,-0.014217,-0.047357,0.012900,-0.016531,0.138550,-0.084389,-0.020012,-0.003261,-0.058924,0.112572,-0.047871,-0.098651,-0.011953,0.036726,0.013658,0.040839,0.015748,-0.068496,0.027911,0.034729,-0.008193,0.013955,0.088629,0.010992,0.050199,-0.089986,0.024619,-0.049306,0.024805,-0.042071,0.028505,-0.041270,0.001404,0.002685,-0.051846,0.042127,0.200752,0.038718,-0.035690,-0.078099,0.053460,0.001069,0.064209,0.046753,-0.012610,-0.122845,-0.008346,-0.036993,-0.052217,0.047562,0.129620,-0.026850,-0.037062,-0.011348,-0.017347,0.040706,0.039461,-0.109098,-0.013591,-0.015289,0.049281,0.032368,-0.060611,-0.051358,-0.036933,-0.020800,-0.017576
0.004147,-0.118650,0.034071,0.092216,-0.106829,-0.056188,0.005174,-0.037232,0.126005,-0.034402,-0.021137,0.035908,0.040596,0.131909,-0.024658,0.071793,-0.059952,0.056528,0.016708,-0.014265,0.043730,0.009346,0.001861,-0.128800,-0.011004,-0.021587,0.032726,-0.025406,-0.000780,0.008527,-0.035930,-0.028087,0.008102,-0.003315,0.018627,0.032703,0.041165,0.036423,-0.040713,0.038460,0.038718,0.168455,-0.000827,-0.094749,-0.039032,0.009553,0.013422,-0.037092,0.043599,-0.087893,0.068508,-0.057491,0.008739,-0.036188,0.028054,-0.036631,-0.058729,0.044021,0.039052,0.117004,0.004844,0.009377,-0.013060,0.065843,0.033064,0.054294,-0.016436,-0.036111,-0.066288,-0.035797,0.016567
0.017543,0.091169,-0.076074,-0.002911,0.034769,0.063763,0.072234,0.080936,0.019302,-0.045577,0.049182,0.007623,-0.004879,0.000779,0.035717,0.038946,-0.048085,-0.013337,0.018805,0.043156,-0.074215,-0.041244,0.024218,-0.019423,-0.019906,0.047921,-0.000910,-0.002614,-0.017429,0.088846,-0.083859,0.031631,-0.033269,-0.026207,-0.015922,0.010089,0.019051,-0.034594,0.031605,-0.024209,-0.035690,-0.000827,0.085463,0.006012,0.002007,-0.091223,-0.023121,-0.061068,-0.050144,-0.000581,-0.060308,0.076872,0.025416,-0.007341,-0.005783,-0.007092,-0.038944,-0.020743,-0.009101,0.025836,0.029640,0.083887,-0.014959,0.019282,-0.072903,0.010669,0.001157,0.000762,0.024184,-0.009721,0.002100
-0.017568,-0.027704,0.001512,-0.078398,0.079953,-0.006428,-0.042140,0.101194,-0.279918,-0.023000,-0.110613,-0.057855,-0.062974,-0.163895,-0.006308,0.014517,0.055179,0.001275,-0.028288,0.042131,0.173649,0.011248,0.005963,0.107501,0.104118,0.036463,-0.022375,0.083563,-0.020609,0.051790,-0.063902,-0.111888,0.033923,0.016566,-0.024323,0.067662,-0.022788,-0.047595,0.059107,-0.054363,-0.078099,-0.094749,0.006012,0.253482,-0.080890,0.078161,-0.017609,0.002382,-0.001423,0.152950,-0.061431,-0.021917,-0.066255,-0.136557,0.096906,0.129345,0.117324,0.043634,0.003939,-0.145502,-0.107544,0.081304,0.032444,-0.044971,0.003657,-0.042121,0.073612,0.037798,0.084535,0.034153,-0.001185
0.080281,0.016405,0.010243,0.024129,0.059317,0.162815,0.114247,-0.138345,0.060776,-0.000946,0.041428,0.019390,-0.059267,0.123858,0.020150,-0.078082,0.004305,0.012452,-0.025279,-0.027974,-0.092865,-0.024508,-0.016627,-0.085915,-0.091589,-0.000998,-0.001377,-0.125602,-0.006240,-0.006080,-0.065551,0.120098,0.061533,-0.050219,0.054136,-0.082115,-0.054443,-0.013538,-0.008896,0.086321,0.053460,-0.039032,0.002007,-0.080890,0.252040,-0.005557,0.118671,0.055567,0.031566,-0.166609,0.037670,0.085864,0.009206,0.145080,-0.058593,-0.009547,-0.118109,-0.151552,-0.000244,0.038099,0.044574,-0.113550,-0.031483,-0.037466,-0.015922,-0.061986,-0.089077,-0.002416,-0.029823,-0.049615,-0.048182
0.042482,-0.353579,0.129162,0.002120,-0.092272,-0.218172,-0.184596,-0.136291,-0.118415,-0.035651,-0.094615,0.011476,0.071393,-0.016490,-0.059020,-0.042042,0.117026,0.094960,0.049794,-0.063267,0.164550,-0.038275,-0.050545,0.085065,0.167745,-0.078995,-0.066812,0.031092,0.028055,-0.033804,0.041405,-0.114356,0.092383,0.082296,0.091976,0.030214,-0.003846,0.068091,-0.005787,0.075668,0.001069,0.009553,-0.091223,0.078161,-0.005557,0.284038,0.037626,0.106776,0.122980,0.078884,0.053332,-0.064314,-0.064303,-0.069256,0.047318,0.099084,0.031754,0.003493,-0.007236,-0.068557,-0.122538,-0.050141,-0.008699,-0.087127,0.105837,-0.061696,0.064201,0.073455,-0.017116,-0.017576,-0.007266
0.077761,-0.061836,0.059792,0.012722,0.030987,0.057998,0.100614,-0.087619,0.029509,-0.009921,-0.170323,0.182937,-0.047575,0.081011,-0.037429,-0.080805,0.088870,0.064693,-0.104951,-0.091645,0.028092,0.108551,-0.070559,0.026173,-0.051667,0.004928,0.015863,-0.189992,0.022343,-0.066658,-0.081672,-0.000968,0.089981,-0.027203,0.122350,-0.048286,-0.038782,-0.016066,-0.037676,0.070508,0.064209,0.013422,-0.023121,-0.017609,0.118671,0.037626,0.237480,0.110449,0.078190,-0.110360,-0.000363,-0.006577,-0.025539,-0.024727,0.004967,0.069401,-0.110083,-0.093877,-0.013249,-0.062840,-0.023538,-0.204292,-0.010924,-0.084862,0.072602,-0.041486,-0.052339,-0.101127,-0.033043,-0.019276,-0.034328
0.009598,-0.060863,0.058828,-0.046968,0.077371,-0.072853,-0.034340,-0.025793,-0.051454,0.007154,-0.103579,0.016835,0.004580,-0.049578,-0.014395,-0.053357,0.051176,0.080687,-0.053018,-0.054170,0.012050,0.075255,-0.059514,0.110589,0.064745,0.006515,-0.062165,-0.082668,0.084914,-0.060999,0.031252,-0.012413,0.098225,0.020604,0.057742,-0.001016,-0.057400,-0.004172,-0.059102,0.099115,0.046753,-0.037092,-0.061068,0.002382,0.055567,0.106776,0.110449,0.165138,0.079145,-0.006954,0.021091,0.017368,-0.040345,-0.025511,-0.024397,0.087660,0.025783,-0.053143,-0.016618,-0.084483,-0.058828,-0.131952,0.012370,-0.080919,0.053865,-0.030474,-0.056774,-0.016898,-0.027996,-0.002261,-0.045783
0.066981,-0.182112,0.059248,-0.040243,-0.035450,-0.161277,-0.032061,-0.035362,0.002634,0.004483,-0.030545,0.051368,0.016376,-0.015991,-0.051993,-0.023451,0.006043,0.165768,-0.059060,-0.043012,0.050338,0.143211,-0.126432,-0.038750,0.019802,0.001037,-0.058262,-0.091887,0.030983,-0.024364,-0.066002,0.003550,0.024775,-0.031092,0.016114,0.032257,-0.029383,0.023194,-0.086193,0.023862,-0.012610,0.043599,-0.050144,-0.001423,0.031566,0.122980,0.078190,0.079145,0.190285,-0.058307,0.072544,0.025606,-0.049778,-0.020430,-0.028066,0.103368,0.081789,-0.041930,0.024876,-0.090085,-0.074552,-0.042492,0.019891,-0.002443,0.047715,0.006126,-0.018941,-0.027756,-0.071388,0.000333,-0.045769
-0.131539,0.062611,0.018956,-0.034164,0.070239,-0.043150,-0.194127,0.066340,-0.265811,0.000415,-0.032605,-0.068348,0.085292,-0.219277,-0.009834,0.066161,0.068996,-0.100825,0.047457,0.070961,0.123820,-0.016418,0.000176,0.168716,0.160841,-0.061056,-0.075037,0.179294,0.002083,0.051003,0.075658,-0.092312,0.054655,0.096188,-0.025372,0.077795,-0.002347,0.046879,0.059193,-0.073980,-0.122845,-0.087893,-0.000581,0.152950,-0.166609,0.078884,-0.110360,-0.006954,-0.058307,0.306114,-0.036981,-0.025716,-0.002528,-0.110756,0.027556,0.078196,0.095135,0.097242,0.029835,-0.054410,-0.133893,0.117709,-0.027724,-0.102817,0.011809,-0.067513,0.084249,0.115810,0.087326,0.029706,-0.008216
-0.069058,-0.054069,0.048492,0.044172,-0.009117,0.038558,-0.034988,-0.093236,-0.037273,0.049770,0.009785,-0.071403,0.012445,0.017285,-0.018682,0.095927,-0.047666,0.037692,0.003692,-0.018850,0.083511,0.085284,-0.014658,-0.138616,0.013920,-0.085457,-0.018927,0.004851,0.012826,0.004105,0.026607,0.020371,0.110415,0.019242,-0.029986,-0.002714,-0.041907,0.032354,-0.070729,0.037541,-0.008346,0.068508,-0.060308,-0.061431,0.037670,0.053332,-0.000363,0.021091,0.072544,-0.036981,0.172780,-0.058778,-0.007682,0.023489,-0.028219,-0.003000,0.011723,0.051250,0.098276,0.075928,-0.052303,0.008631,-0.021258,0.019032,0.074457,-0.028168,-0.051911,0.034630,-0.071332,-0.015704,-0.005356
0.031714,0.158370,-0.066658,-0.026675,0.143463,0.040662,0.055367,0.102705,0.010980,-0.064201,0.122911,-0.038625,0.008963,-0.034692,0.033710,-0.030340,-0.079756,0.038643,-0.033237,0.066086,-0.157913,-0.008048,-0.054013,0.018871,-0.035483,0.084931,-0.073637,-0.036200,0.032586,0.090604,-0.112873,0.114697,-0.030520,-0.061345,-0.033278,0.033439,-0.038172,-0.026622,-0.006719,0.005588,-0.036993,-0.057491,0.076872,-0.021917,0.085864,-0.064314,-0.006577,0.017368,0.025606,-0.025716,-0.058778,0.206444,0.030687,0.062030,-0.083675,0.059690,0.048237,-0.113297,-0.019035,-0.025759,-0.002229,0.058826,-0.014171,-0.025182,-0.123232,0.010757,-0.072437,0.014955,-0.003735,-0.019983,-0.067514
-0.066381,0.105875,-0.090708,0.106702,-0.015360,0.101256,0.021465,0.007366,0.110750,-0.010604,0.081538,-0.038217,0.071694,0.024006,0.000266,0.036002,-0.048253,-0.108932,0.015103,-0.023907,-0.068497,-0.085287,0.047894,-0.088721,-0.150424,0.007318,-0.010760,-0.008852,-0.006617,0.001370,0.050990,0.037245,-0.066469,0.019037,0.007127,-0.007890,-0.002311,0.007681,0.052875,-0.031162,-0.052217,0.008739,0.025416,-0.066255,0.009206,-0.064303,-0.025539,-0.040345,-0.049778,-0.002528,-0.007682,0.030687,0.143082,0.075822,-0.079026,-0.062342,-0.010784,-0.042463,-0.016501,0.090955,0.046093,0.007314,-0.019199,-0.024711,-0.062565,0.020742,-0.004671,-0.020977,0.025167,-0.034813,0.007196
0.009624,0.092247,-0.075314,0.061678,-0.032370,0.071246,0.026516,-0.075909,0.192112,0.035024,0.180031,-0.081452,-0.004182,0.061501,-0.005247,-0.074880,-0.052947,-0.090208,0.027707,0.066430,-0.127173,-0.078385,0.019853,-0.141560,-0.169620,-0.002387,0.007163,-0.018506,-0.011959,-0.071258,0.054894,0.108910,-0.072413,-0.066675,-0.027445,-0.079637,0.003778,0.029946,-0.002419,-0.050727,0.047562,-0.036188,-0.007341,-0.136557,0.145080,-0.069256,-0.024727,-0.025511,-0.020430,-0.110756,0.023489,0.062030,0.075822,0.237111,-0.058329,-0.094754,-0.032711,-0.113448,-0.002810,0.106356,0.110541,-0.049402,-0.025295,-0.007610,-0.058075,-0.011657,-0.039648,-0.006580,0.000639,-0.043418,-0.035644
0.008492,-0.168644,0.020968,0.080819,-0.019295,-0.084819,-0.062495,0.085181,-0.009898,-0.164701,-0.050586,-0.090403,-0.058375,-0.043065,-0.095105,0.025049,-0.027353,0.017838,0.091007,0.138890,0.221134,-0.104985,0.056039,0.014416,0.047555,0.024671,0.103829,0.148800,0.016685,-0.024455,0.000716,-0.190565,0.045472,-0.024947,-0.009274,0.041760,-0.009791,0.000557,-0.004446,-0.042080,0.129620,0.028054,-0.005783,0.096906,-0.058593,0.047318,0.004967,-0.024397,-0.028066,0.027556,-0.028219,-0.083675,-0.079026,-0.058329,0.291774,0.055529,0.051831,0.051326,0.056304,0.014267,-0.067795,0.045974,-0.025870,-0.028866,0.056852,0.011011,0.012997,-0.000383,0.055920,-0.016332,-0.064264
-0.013871,-0.017507,0.046219,-0.029341,0.142076,-0.047065,-0.053898,0.084355,-0.192197,-0.069327,-0.089192,-0.028255,-0.015862,-0.128446,-0.046999,-0.000485,0.005812,0.086987,-0.074065,0.061994,0.130040,0.099654,-0.092308,0.084048,0.083643,0.033807,-0.067608,0.007214,0.050087,0.036959,-0.106417,-0.054252,0.099643,-0.020042,-0.002019,0.090458,-0.067592,-0.003594,-0.036956,0.001819,-0.026850,-0.036631,-0.007092,0.129345,-0.009547,0.099084,0.069401,0.087660,0.103368,0.078196,-0.003000,0.059690,-0.062342,-0.094754,0.055529,0.186309,0.120986,-0.023484,0.044486,-0.114388,-0.156319,0.012947,-0.005140,-0.093852,0.015365,-0.033784,-0.035857,0.010592,0.006362,-0.002314,-0.085921
-0.089272,0.050441,-0.019824,-0.023714,0.119264,-0.125592,-0.106055,0.219824,-0.109623,-0.058463,0.077858,-0.213448,-0.000783,-0.222479,-0.062718,0.032855,-0.114019,0.061897,-0.040412,0.088101,0.101772,0.061780,-0.051236,0.040903,-0.009010,0.082403,-0.036044,0.139355,0.062561,-0.002624,0.038141,-0.054891,-0.055016,-0.026378,-0.142435,0.127416,-0.092423,-0.017504,-0.044907,-0.079306,-0.037062,-0.058729,-0.038944,0.117324,-0.118109,0.031754,-0.110083,0.025783,0.081789,0.095135,0.011723,0.048237,-0.010784,-0.032711,0.051831,0.120986,0.352113,0.043836,0.043333,-0.125306,-0.116471,0.123027,0.053862,0.009349,-0.042360,0.081149,-0.035938,0.012146,0.017876,0.043620,-0.082906
-0.080815,-0.017485,0.030898,0.015658,-0.030175,-0.020885,-0.060989,0.040424,-0.120696,0.008018,-0.031530,-0.021102,-0.000597,-0.026156,-0.002125,0.077058,0.001738,0.007807,0.029366,-0.015091,0.099731,0.017857,0.050944,0.055500,0.127570,-0.075607,0.033772,0.133585,-0.001460,0.048822,0.036372,-0.078270,0.044791,0.062480,-0.052794,0.006541,0.027565,-0.007934,-0.014521,-0.042046,-0.011348,0.044021,-0.020743,0.043634,-0.151552,0.003493,-0.093877,-0.053143,-0.041930,0.097242,0.051250,-0.113297,-0.042463,-0.113448,0.051326,-0.023484,0.043836,0.194612,0.025044,0.000120,-0.040314,0.102569,-0.003136,0.033253,0.076555,0.012408,0.048590,0.040136,-0.034297,0.049707,0.107090
-0.094161,0.065926,0.042355,0.034749,0.084717,0.081653,-0.040021,0.005692,-0.083275,-0.003361,0.002684,-0.108442,-0.004835,-0.060838,-0.030295,0.123580,-0.079038,-0.022006,-0.000201,0.105999,0.127822,0.082856,-0.027602,-0.117926,-0.005352,-0.026104,0.001522,0.057618,-0.003845,0.022636,-0.012145,-0.003145,0.097499,-0.019199,-0.060057,0.072290,-0.061187,0.042101,-0.040744,-0.000498,-0.017347,0.039052,-0.009101,0.003939,-0.000244,-0.007236,-0.013249,-0.016618,0.024876,0.029835,0.098276,-0.019035,-0.016501,-0.002810,0.056304,0.044486,0.043333,0.025044,0.141620,0.079265,-0.093998,0.059033,-0.030730,0.007798,0.015262,-0.021984,-0.070837,0.039037,0.006176,-0.023191,-0.103408
