1.946351,-0.962287,0.426179,0.588204,-0.444357,0.114308,-0.918411,1.042361,0.159795,0.625952,-0.422164,-0.605138,-0.171356,0.327490,-0.704426,-0.738058,0.518145,0.118917,-0.712782,0.370063,-0.974955,-0.100881,-1.182036,0.517986,0.236353,-0.714224,0.155036,-0.472803,-0.458975,-0.695821,0.147867,-0.252111,-0.039387,0.048745,-0.769301,-0.400415,-1.369966,0.087652,1.008111,0.397622,-0.435294,0.487848,-0.382083,-0.483935,0.201180,0.359483,-0.055504,0.237257,0.284679,0.392328,-0.076041,-0.250967,-0.219276,-0.455886,0.756924,-0.220184,0.243429,0.086150,0.631628,0.060146,-0.219369,-1.188399,0.835723,-0.106771,0.154158,0.125622,0.753452,0.125497,0.150521,-0.733597,-0.012835
-0.962287,0.901238,-0.700113,-0.396888,0.561247,-0.107839,0.381512,-0.745755,-0.222698,-0.269152,-0.205823,-0.337174,0.442890,-0.300295,0.750015,0.898285,-0.076508,-0.118313,0.203570,-0.124986,0.194360,0.249832,0.437061,-0.378165,0.070960,0.253163,0.272061,0.365635,0.085164,0.286275,0.181928,0.246782,-0.064116,-0.147923,0.429851,0.185610,0.272075,0.136243,-0.469637,-0.015932,0.316480,-0.397238,-0.079288,0.124157,0.037625,-0.195830,0.094164,-0.060730,0.034239,-0.549406,-0.132179,0.177269,0.023480,0.180737,-0.396110,0.663095,-0.087170,0.259370,-0.208847,0.099518,0.275600,0.639087,-0.665630,-0.194297,0.030447,0.078829,-0.435742,-0.170795,-0.023374,0.381462,-0.033409
0.426179,-0.700113,1.928099,0.218053,-0.776296,0.147126,0.133908,0.665527,0.136908,0.030297,1.249114,1.008721,-0.724015,0.197412,-0.715983,-1.768837,-0.094724,-0.271353,0.598064,-0.513859,0.644360,-0.236595,0.465750,0.459045,0.311688,0.220653,-0.692599,-0.292615,0.542961,0.041367,-0.499794,-0.278152,-0.027094,-0.038012,-0.313288,0.324513,1.141460,-0.615446,0.408517,-0.308818,-0.531584,0.169856,1.010313,0.115578,-0.331875,0.173150,-0.102328,0.473875,-0.480359,1.061430,0.176772,-0.259744,0.044770,0.329927,0.089085,-1.187171,-0.237541,-0.883102,-0.095281,-0.059860,-0.458442,-0.295427,0.928878,0.292028,-0.431718,-0.386527,0.060334,0.409293,-0.324233,0.352975,0.170543
0.588204,-0.396888,0.218053,0.868456,0.413549,0.141870,-0.452154,0.792469,0.638639,0.376512,-0.039188,0.712669,-0.045997,-0.213212,-0.373666,-0.550610,-0.165587,0.281675,-0.301446,0.380966,-0.200979,-0.430066,-0.149737,0.120585,-0.514203,-0.396570,-0.228908,0.109000,-0.138762,-0.409038,0.039377,0.094606,0.004017,0.227035,-0.223806,-0.156454,-0.545338,0.114114,0.223079,0.217849,0.076491,0.317918,-0.193422,0.039098,0.328068,0.149396,-0.087360,-0.202895,0.467956,-0.142172,0.022639,-0.267877,-0.003508,-0.575005,0.152085,-0.038447,0.232530,0.216694,0.200890,0.157636,-0.134883,-0.743622,0.241954,0.177317,0.225538,0.220864,0.337393,0.205373,0.151573,-0.465042,-0.017229
-0.444357,0.561247,-0.776296,0.413549,1.245074,-0.150428,-0.046861,0.015861,0.539708,0.055388,-0.427662,0.581223,0.461080,-0.562600,0.437109,0.678554,-0.206735,0.099200,-0.169217,0.484711,-0.130362,-0.211848,0.317653,-0.382319,-0.721128,-0.148752,0.090505,0.701347,-0.191976,-0.180430,0.281054,0.410332,-0.072667,0.138441,0.390149,0.094696,-0.432842,0.338547,-0.284351,0.305406,0.528882,-0.087571,-0.405952,0.217136,0.512963,-0.108571,-0.103925,-0.364645,0.640618,-0.937824,-0.123627,-0.043154,-0.010249,-0.620957,-0.308143,0.896353,0.226903,0.677280,-0.124427,0.355614,0.188715,-0.009440,-0.673386,-0.031415,0.349674,0.435059,-0.099752,0.000021,0.174992,-0.118900,-0.060871
0.114308,-0.107839,0.147126,0.141870,-0.150428,0.380176,-0.155610,0.185816,-0.076361,0.280431,0.038316,-0.133289,-0.000524,0.019093,-0.257909,-0.229034,0.022869,0.139286,-0.026054,-0.076556,0.283829,0.013024,0.040464,0.086749,0.059049,0.075614,-0.025671,-0.098939,0.070053,-0.098144,0.017195,0.050235,0.069560,0.020181,-0.217290,-0.051507,0.116604,-0.091097,-0.020812,-0.016581,-0.057398,0.158057,0.049066,-0.163411,0.035316,0.012892,-0.075435,0.018324,-0.111655,0.165502,0.103644,-0.152837,-0.016258,0.224731,0.134593,-0.204436,0.055782,-0.068780,0.143424,-0.014818,-0.150193,-0.186024,0.036040,0.085804,-0.049127,-0.105922,-0.012786,0.024579,0.046610,-0.061036,0.042462
-0.918411,0.381512,0.133908,-0.452154,-0.046861,-0.155610,0.593337,-0.562604,-0.119756,-0.435675,0.462719,0.342151,-0.047913,-0.047834,0.360970,0.144847,-0.204297,-0.208361,0.518879,-0.360707,0.547796,0.090158,0.625446,-0.205697,0.100125,0.436823,-0.165189,0.117599,0.309030,0.465268,-0.192014,-0.002989,-0.001965,-0.139904,0.359391,0.268750,0.960822,-0.156464,-0.409568,-0.315720,0.021557,-0.309731,0.434167,0.311892,-0.260454,-0.133247,0.076529,0.064902,-0.356184,0.075474,0.059651,0.138612,0.125872,0.367982,-0.364485,-0.094409,-0.237657,-0.296529,-0.374302,-0.073855,0.088660,0.722280,-0.274418,0.057710,-0.208101,-0.163273,-0.419447,-0.027340,-0.208013,0.513216,0.044992
1.042361,-0.745755,0.665527,0.792469,0.015861,0.185816,-0.562604,1.061059,0.529642,0.500854,0.094525,0.656420,-0.308031,-0.026317,-0.708465,-0.956543,0.002298,0.165625,-0.265790,0.353891,-0.170104,-0.361276,-0.272498,0.314391,-0.330153,-0.386163,-0.300111,-0.044474,-0.116009,-0.527467,-0.034177,-0.005935,-0.002476,0.226941,-0.397832,-0.078940,-0.423262,-0.068725,0.518511,0.226397,-0.140348,0.465317,-0.022755,-0.140369,0.259743,0.222526,-0.214895,-0.048093,0.305867,0.240019,0.056132,-0.317234,-0.086708,-0.437286,0.350507,-0.375586,0.218699,0.030494,0.266554,0.144607,-0.287393,-0.933121,0.543522,0.221249,0.102005,0.102680,0.478450,0.287688,0.086537,-0.477309,0.027021
0.159795,-0.222698,0.136908,0.638639,0.539708,-0.076361,-0.119756,0.529642,0.846283,0.135202,0.112518,1.055478,-0.036284,-0.291356,-0.008374,-0.305121,-0.253323,0.147382,-0.058686,0.340989,0.053874,-0.391958,0.145280,-0.131398,-0.551571,-0.205198,-0.349837,0.258899,-0.128635,-0.160459,-0.034216,0.121273,-0.008833,0.065767,0.025355,-0.008696,-0.050310,0.120211,0.013319,0.064217,0.026833,0.136540,0.002413,0.321832,0.253063,0.148680,-0.050327,-0.209709,0.272953,-0.158607,0.078587,-0.221552,0.062965,-0.467193,-0.005699,0.054644,0.133710,0.110490,-0.025895,0.203038,0.010064,-0.263621,-0.134946,0.272948,0.153035,0.226107,0.094000,0.199671,-0.018751,-0.284130,0.018003
0.625952,-0.269152,0.030297,0.376512,0.055388,0.280431,-0.435675,0.500854,0.135202,0.446925,-0.244510,-0.146821,0.038206,-0.020606,-0.323066,-0.215237,0.146118,0.158910,-0.294100,0.223073,-0.115788,-0.053280,-0.275195,0.125651,-0.073682,-0.205087,0.052713,-0.032506,-0.163359,-0.363165,0.140316,0.076566,0.021312,0.071377,-0.303868,-0.122157,-0.442498,0.038216,0.250680,0.206018,-0.052157,0.274092,-0.195145,-0.248787,0.233164,0.102463,-0.135453,-0.020634,0.162310,0.021568,0.025709,-0.205232,-0.102159,-0.120479,0.286308,0.001493,0.188968,0.163697,0.278626,0.111486,-0.134752,-0.525834,0.098409,0.040049,0.097955,0.072197,0.218408,0.063145,0.122234,-0.328893,0.013987
-0.422164,-0.205823,1.249114,-0.039188,-0.427662,0.038316,0.462719,0.094525,0.112518,-0.244510,1.100065,1.044858,-0.475958,0.043776,-0.250953,-1.026038,-0.287923,-0.219049,0.696200,-0.513481,0.826916,-0.177702,0.762207,0.125539,0.106367,0.421191,-0.602712,-0.068387,0.547168,0.324827,-0.452226,-0.143414,0.010942,-0.059667,0.054480,0.345259,1.346958,-0.462763,-0.101644,-0.412036,-0.255941,-0.060102,0.889365,0.330548,-0.339408,0.008099,-0.021167,0.247483,-0.484462,0.653427,0.187949,-0.101626,0.144925,0.386057,-0.212487,-0.817966,-0.270403,-0.716561,-0.318888,-0.089678,-0.240691,0.260515,0.354178,0.283646,-0.369466,-0.326737,-0.240787,0.248788,-0.304083,0.503788,0.132360
-0.605138,-0.337174,1.008721,0.712669,0.581223,-0.133289,0.342151,0.656420,1.055478,-0.146821,1.044858,2.670096,-0.491865,-0.389691,-0.438518,-1.029274,-0.713074,-0.006595,0.549573,0.163226,0.848077,-0.761809,1.135435,-0.094229,-1.113209,0.231165,-0.974696,0.575202,0.387140,0.032704,-0.445827,0.150301,0.030606,0.343957,0.384649,0.430512,1.100774,-0.271940,-0.298000,-0.191695,0.212591,0.164096,0.663311,0.683392,0.161783,-0.045960,-0.300361,-0.297615,0.156972,0.030522,0.258365,-0.246415,0.202777,-0.482822,-0.433203,-0.516909,0.029883,-0.244862,-0.545818,0.188636,-0.276386,-0.039335,0.012579,0.595788,-0.036915,0.066185,-0.096492,0.429980,-0.122646,0.162771,0.101495
-0.171356,0.442890,-0.724015,-0.045997,0.461080,-0.000524,-0.047913,-0.308031,-0.036284,0.038206,-0.475958,-0.491865,0.517448,-0.125069,0.384371,0.750953,0.165818,0.034706,-0.241635,0.093878,-0.265747,0.079616,-0.096009,-0.217512,-0.047801,-0.035053,0.365238,0.188786,-0.212870,-0.026621,0.261825,0.122524,-0.010187,-0.107003,0.079594,-0.122672,-0.531380,0.271225,-0.162586,0.154718,0.172901,-0.150210,-0.354875,0.003793,0.223524,-0.089189,0.069937,0.007803,0.176299,-0.499821,-0.065656,0.007972,-0.021624,-0.151784,-0.060932,0.678644,0.103162,0.351219,0.049336,0.121699,0.147494,0.165809,-0.493521,-0.229114,0.177415,0.192546,-0.159180,-0.187583,0.135919,-0.023202,-0.020774
0.327490,-0.300295,0.197412,-0.213212,-0.562600,0.019093,-0.047834,-0.026317,-0.291356,-0.020606,0.043776,-0.389691,-0.125069,0.341715,-0.262419,-0.151179,0.211944,-0.051977,-0.072668,-0.152471,-0.167057,0.071992,-0.301336,0.192136,0.261542,0.019082,0.072210,-0.324671,-0.021989,0.021408,-0.084604,-0.235546,0.046840,-0.038374,-0.196008,-0.124244,-0.127418,-0.085225,0.175063,-0.070072,-0.215881,0.056845,0.048128,-0.129277,-0.169746,0.012059,0.033964,0.196265,-0.228320,0.339340,0.054730,0.036702,-0.012223,0.138456,0.180022,-0.280017,-0.045954,-0.225701,0.070380,-0.163356,-0.103945,-0.023651,0.284778,-0.073387,-0.095061,-0.141719,0.091824,-0.067279,0.000415,-0.005125,0.022120
-0.704426,0.750015,-0.715983,-0.373666,0.437109,-0.257909,0.360970,-0.708465,-0.008374,-0.323066,-0.250953,-0.438518,0.384371,-0.262419,0.968567,0.872550,-0.071141,-0.090554,0.148926,-0.086426,0.018056,0.280237,0.153490,-0.419752,0.251721,0.084495,0.229985,0.187822,-0.061121,0.351730,0.161184,0.149043,-0.086910,-0.304574,0.342359,0.062825,0.194250,0.230054,-0.342068,-0.075893,0.098317,-0.431852,-0.102471,0.223396,-0.071825,-0.016251,0.260640,-0.050484,-0.042369,-0.405213,-0.146196,0.183720,0.049797,0.181234,-0.262434,0.611217,-0.144562,0.167427,-0.113966,0.064465,0.430313,0.650100,-0.624598,-0.142089,0.027488,0.103075,-0.356052,-0.151069,-0.141581,0.217502,-0.050459
-0.738058,0.898285,-1.768837,-0.550610,0.678554,-0.229034,0.144847,-0.956543,-0.305121,-0.215237,-1.026038,-1.029274,0.750953,-0.151179,0.872550,1.842820,0.168973,0.047932,-0.342747,0.271679,-0.431008,0.351594,-0.190149,-0.522962,-0.119501,0.036457,0.697822,0.340120,-0.404241,0.155487,0.433345,0.238912,0.003770,-0.106701,0.440459,-0.150824,-0.710163,0.500312,-0.500906,0.187751,0.458096,-0.346476,-0.745198,-0.024591,0.217826,-0.245584,0.109507,-0.269263,0.234551,-0.961265,-0.157303,0.306599,-0.029963,-0.102003,-0.220873,1.194286,0.112500,0.699062,-0.075648,0.065384,0.455435,0.670030,-1.053581,-0.356137,0.289436,0.289375,-0.296606,-0.441648,0.205759,-0.015685,-0.115569
0.518145,-0.076508,-0.094724,-0.165587,-0.206735,0.022869,-0.204297,0.002298,-0.253323,0.146118,-0.287923,-0.713074,0.165818,0.211944,-0.071141,0.168973,0.419611,-0.111422,-0.240658,-0.011610,-0.376264,0.161863,-0.400961,0.103653,0.295374,-0.075846,0.307087,-0.144190,-0.190788,-0.149472,0.137928,-0.108516,-0.016220,-0.126435,-0.212750,-0.109209,-0.507867,0.046882,0.280716,0.139427,-0.168751,0.021606,-0.150313,-0.229841,0.059925,0.022283,-0.011393,0.272571,-0.056407,0.066579,-0.036600,-0.025592,-0.111571,0.010408,0.230990,0.180224,0.053033,0.043381,0.172589,0.032268,-0.048441,-0.105565,0.045061,-0.228479,0.011404,0.015323,0.071390,-0.107173,0.057274,-0.052657,0.025274
0.118917,-0.118313,-0.271353,0.281675,0.099200,0.139286,-0.208361,0.165625,0.147382,0.158910,-0.219049,-0.006595,0.034706,-0.051977,-0.090554,0.047932,-0.111422,0.266693,-0.225954,0.188278,-0.093145,-0.101126,-0.198896,-0.001094,-0.201720,-0.173434,0.001467,-0.050202,-0.119407,-0.115204,0.061798,0.054453,0.057544,0.116944,-0.099009,-0.199762,-0.326854,0.129806,-0.050318,0.058748,0.092704,0.142608,-0.257261,-0.047232,0.091113,0.040547,0.021231,-0.230524,0.171519,-0.123875,0.025938,-0.045642,0.022181,-0.137914,0.093458,0.008642,0.113555,0.162526,0.142946,-0.036213,0.023770,-0.240422,-0.010626,0.085358,0.131160,0.071176,0.139058,-0.010338,0.119639,-0.302248,-0.047304
-0.712782,0.203570,0.598064,-0.301446,-0.169217,-0.026054,0.518879,-0.265790,-0.058686,-0.294100,0.696200,0.549573,-0.241635,-0.072668,0.148926,-0.342747,-0.240658,-0.225954,0.634519,-0.410174,0.756323,0.061671,0.725471,-0.080314,0.172569,0.441258,-0.335510,0.077436,0.432140,0.377515,-0.260031,0.010717,-0.018945,-0.117562,0.236300,0.369985,1.229323,-0.313638,-0.262491,-0.328782,-0.086104,-0.198007,0.637455,0.243270,-0.281265,-0.057009,-0.002474,0.120282,-0.410249,0.320453,0.081984,0.033295,0.095360,0.473054,-0.289732,-0.385051,-0.254910,-0.436435,-0.320551,-0.041195,-0.032185,0.504357,-0.037925,0.166683,-0.296919,-0.244887,-0.350783,0.114054,-0.273980,0.522613,0.078898
0.370063,-0.124986,-0.513859,0.380966,0.484711,-0.076556,-0.360707,0.353891,0.340989,0.223073,-0.513481,0.163226,0.093878,-0.152471,-0.086426,0.271679,-0.011610,0.188278,-0.410174,0.548554,-0.427090,-0.152164,-0.316651,-0.055647,-0.488695,-0.349782,0.088359,0.215826,-0.330930,-0.347994,0.194155,0.153504,-0.008407,0.214858,0.017237,-0.129263,-0.762793,0.249564,0.117946,0.306966,0.234562,0.198709,-0.488174,-0.086835,0.342605,0.035715,-0.130158,-0.322646,0.490543,-0.426641,-0.070331,-0.032178,-0.076301,-0.534296,0.106219,0.363983,0.253151,0.486209,0.123988,0.147563,0.059301,-0.407964,-0.125776,0.024940,0.288301,0.289933,0.287681,0.010642,0.199159,-0.449394,-0.076298
-0.974955,0.194360,0.644360,-0.200979,-0.130362,0.283829,0.547796,-0.170104,0.053874,-0.115788,0.826916,0.848077,-0.265747,-0.167057,0.018056,-0.431008,-0.376264,-0.093145,0.756323,-0.427090,1.308789,0.028653,1.057104,-0.166095,0.007365,0.653965,-0.499046,0.160124,0.534842,0.389757,-0.292379,0.151491,0.069299,-0.086417,0.221557,0.431132,1.697337,-0.407536,-0.503001,-0.422238,-0.057159,-0.084541,0.774946,0.252932,-0.228409,-0.084783,-0.129818,0.001186,-0.563152,0.394022,0.248545,-0.107435,0.129546,0.712333,-0.295768,-0.553209,-0.208475,-0.498023,-0.348599,-0.016656,-0.128331,0.560036,-0.281211,0.386786,-0.355467,-0.329974,-0.501116,0.157330,-0.281126,0.530216,0.134957
-0.100881,0.249832,-0.236595,-0.430066,-0.211848,0.013024,0.090158,-0.361276,-0.391958,-0.053280,-0.177702,-0.761809,0.079616,0.071992,0.280237,0.351594,0.161863,-0.101126,0.061671,-0.152164,0.028653,0.354980,-0.103240,-0.052524,0.450034,0.101933,0.235167,-0.114439,-0.000299,0.127330,0.092036,0.005593,-0.028231,-0.171970,0.009443,0.038302,0.135999,-0.014801,-0.012576,-0.036383,-0.082173,-0.138626,-0.017204,-0.174989,-0.144483,-0.005268,0.067050,0.100094,-0.209259,0.068707,-0.074815,0.121888,-0.059649,0.387222,0.038420,0.097343,-0.099889,-0.022039,0.056937,-0.051070,0.127419,0.254668,-0.120440,-0.129446,-0.098155,-0.101938,-0.113197,-0.111550,-0.077556,0.136029,-0.011878
-1.182036,0.437061,0.465750,-0.149737,0.317653,0.040464,0.625446,-0.272498,0.145280,-0.275195,0.762207,1.135435,-0.096009,-0.301336,0.153490,-0.190149,-0.400961,-0.198896,0.725471,-0.316651,1.057104,-0.103240,1.194168,-0.246094,-0.275491,0.607760,-0.429036,0.449911,0.509163,0.362206,-0.238177,0.207033,0.006319,-0.003905,0.455720,0.510701,1.423407,-0.301215,-0.553841,-0.295640,0.180988,-0.206187,0.665128,0.395339,-0.068190,-0.200346,-0.149694,-0.019228,-0.269388,-0.001024,0.147793,-0.040031,0.133067,0.323894,-0.516556,-0.166391,-0.164973,-0.273917,-0.506723,0.097487,-0.088859,0.620958,-0.394527,0.243654,-0.225066,-0.149601,-0.532619,0.133929,-0.198771,0.631099,0.107169
0.517986,-0.378165,0.459045,0.120585,-0.382319,0.086749,-0.205697,0.314391,-0.131398,0.125651,0.125539,-0.094229,-0.217512,0.192136,-0.419752,-0.522962,0.103653,-0.001094,-0.080314,-0.055647,-0.166095,-0.052524,-0.246094,0.294321,0.139263,-0.122781,-0.046290,-0.240014,0.043107,-0.154812,-0.076319,-0.152134,0.002308,0.083358,-0.254562,-0.065579,-0.181740,-0.124955,0.311309,0.034293,-0.148638,0.165922,0.059725,-0.176760,-0.065330,0.063593,-0.032265,0.132014,-0.007816,0.309014,-0.002803,-0.047833,-0.044912,-0.025269,0.185454,-0.353069,0.005474,-0.149671,0.139435,-0.078448,-0.178135,-0.376686,0.510571,-0.017818,-0.049865,-0.089687,0.236965,0.072815,0.029791,-0.089909,0.007084
0.236353,0.070960,0.311688,-0.514203,-0.721128,0.059049,0.100125,-0.330153,-0.551571,-0.073682,0.106367,-1.113209,-0.047801,0.261542,0.251721,-0.119501,0.295374,-0.201720,0.172569,-0.488695,0.007365,0.450034,-0.275491,0.139263,0.989615,0.089805,0.200561,-0.474946,0.109312,0.223654,-0.017443,-0.209666,-0.057475,-0.376828,-0.255082,-0.012316,0.302346,-0.151075,0.233418,-0.174998,-0.444652,-0.187571,0.249112,-0.211239,-0.395607,0.133205,0.236467,0.430106,-0.497441,0.538504,-0.077362,0.080633,-0.051533,0.662909,0.191646,-0.253586,-0.260489,-0.399097,0.185794,-0.157347,0.079172,0.205539,0.277840,-0.183968,-0.275225,-0.279487,-0.091922,-0.065288,-0.229273,0.240753,0.029125
-0.714224,0.253163,0.220653,-0.396570,-0.148752,0.075614,0.436823,-0.386163,-0.205198,-0.205087,0.421191,0.231165,-0.035053,0.019082,0.084495,0.036457,-0.075846,-0.173434,0.441258,-0.349782,0.653965,0.101933,0.607760,-0.122781,0.089805,0.492983,-0.129680,0.093948,0.300056,0.318580,-0.153711,0.021274,0.043863,-0.102933,0.207427,0.256155,0.912103,-0.224344,-0.349040,-0.259695,-0.013956,-0.164162,0.433085,0.145504,-0.168931,-0.152344,-0.056626,0.123563,-0.409216,0.168764,0.134464,0.026603,0.072620,0.449630,-0.235136,-0.172064,-0.153458,-0.296394,-0.287034,-0.044025,-0.065028,0.560565,-0.265389,0.073892,-0.225447,-0.208335,-0.397562,-0.026302,-0.140528,0.464774,0.087722
0.155036,0.272061,-0.692599,-0.228908,0.090505,-0.025671,-0.165189,-0.300111,-0.349837,0.052713,-0.602712,-0.974696,0.365238,0.072210,0.229985,0.697822,0.307087,0.001467,-0.335510,0.088359,-0.499046,0.235167,-0.429036,-0.046290,0.200561,-0.129680,0.487407,-0.031445,-0.250112,-0.088003,0.269322,0.015130,-0.021870,-0.070403,-0.036383,-0.173656,-0.727031,0.222192,0.056898,0.196471,0.090840,-0.086897,-0.439445,-0.236989,0.105876,-0.061005,0.067330,0.050629,0.139286,-0.319671,-0.136225,0.112460,-0.094872,-0.056106,0.090532,0.520167,0.078590,0.322579,0.163846,0.012771,0.133191,0.024215,-0.194475,-0.313036,0.137871,0.113550,0.026081,-0.220343,0.150660,-0.093264,-0.057614
-0.472803,0.365635,-0.292615,0.109000,0.701347,-0.098939,0.117599,-0.044474,0.258899,-0.032506,-0.068387,0.575202,0.188786,-0.324671,0.187822,0.340120,-0.144190,-0.050202,0.077436,0.215826,0.160124,-0.114439,0.449911,-0.240014,-0.474946,0.093948,-0.031445,0.509171,0.006764,-0.046651,0.094294,0.261808,-0.038545,0.103386,0.337958,0.216809,0.094267,0.077418,-0.241939,0.123707,0.335559,-0.071156,-0.056670,0.159364,0.275991,-0.135254,-0.161344,-0.180897,0.272104,-0.488824,-0.030251,-0.014165,-0.005071,-0.264987,-0.275655,0.439012,0.098256,0.311141,-0.215707,0.224567,0.042686,0.144023,-0.446419,0.023443,0.123677,0.192121,-0.160359,0.024623,0.059055,0.107571,-0.000164
-0.458975,0.085164,0.542961,-0.138762,-0.191976,0.070053,0.309030,-0.116009,-0.128635,-0.163359,0.547168,0.387140,-0.212870,-0.021989,-0.061121,-0.404241,-0.190788,-0.119407,0.432140,-0.330930,0.534842,-0.000299,0.509163,0.043107,0.109312,0.300056,-0.250112,0.006764,0.372224,0.221539,-0.206072,-0.010631,0.000371,-0.005083,0.106207,0.239507,0.823567,-0.267334,-0.160960,-0.222682,-0.028649,-0.085116,0.455651,0.108553,-0.204710,-0.065388,-0.018902,0.088886,-0.252847,0.264717,0.058564,0.010683,0.067423,0.324076,-0.198267,-0.380166,-0.168607,-0.327719,-0.195104,-0.067684,-0.102831,0.226241,0.134847,0.107888,-0.212441,-0.208244,-0.194443,0.095789,-0.143573,0.366588,0.050944
-0.695821,0.286275,0.041367,-0.409038,-0.180430,-0.098144,0.465268,-0.527467,-0.160459,-0.363165,0.324827,0.032704,-0.026621,0.021408,0.351730,0.155487,-0.149472,-0.115204,0.377515,-0.347994,0.389757,0.127330,0.362206,-0.154812,0.223654,0.318580,-0.088003,-0.046651,0.221539,0.428579,-0.153022,-0.055545,0.014141,-0.168671,0.217707,0.118293,0.722049,-0.094857,-0.330125,-0.301111,-0.053503,-0.267224,0.310537,0.231096,-0.291432,-0.069168,0.154219,0.063892,-0.357765,0.131227,0.049555,0.133228,0.119347,0.387369,-0.234828,-0.123403,-0.222858,-0.288863,-0.231849,-0.131776,0.119241,0.604062,-0.186185,0.032723,-0.180720,-0.168435,-0.327654,-0.060426,-0.181085,0.366583,0.023375
0.147867,0.181928,-0.499794,0.039377,0.281054,0.017195,-0.192014,-0.034177,-0.034216,0.140316,-0.452226,-0.445827,0.261825,-0.084604,0.161184,0.433345,0.137928,0.061798,-0.260031,0.194155,-0.292379,0.092036,-0.238177,-0.076319,-0.017443,-0.153711,0.269322,0.094294,-0.206072,-0.153022,0.224383,0.109442,-0.025347,-0.007979,-0.016701,-0.095740,-0.519768,0.187237,0.040276,0.197176,0.116844,-0.000234,-0.343484,-0.141968,0.185875,-0.005790,-0.004912,-0.063977,0.216910,-0.315368,-0.094597,0.008474,-0.076218,-0.142061,0.066075,0.419171,0.115325,0.324632,0.137305,0.096226,0.097478,-0.107061,-0.203791,-0.139751,0.151056,0.151028,0.051781,-0.089784,0.117106,-0.160437,-0.042705
-0.252111,0.246782,-0.278152,0.094606,0.410332,0.050235,-0.002989,-0.005935,0.121273,0.076566,-0.143414,0.150301,0.122524,-0.235546,0.149043,0.238912,-0.108516,0.054453,0.010717,0.153504,0.151491,0.005593,0.207033,-0.152134,-0.209666,0.021274,0.015130,0.261808,-0.010631,-0.055545,0.109442,0.214167,-0.015993,0.056090,0.145748,0.095285,0.058107,0.063557,-0.155805,0.087299,0.202713,-0.006716,-0.101017,0.003883,0.163700,-0.045005,-0.086249,-0.177694,0.164330,-0.288521,-0.031121,-0.019776,-0.021413,-0.051719,-0.107017,0.251760,0.071673,0.232942,-0.035007,0.125585,0.060981,0.020499,-0.288733,0.043348,0.079374,0.098465,-0.073387,0.013779,0.040501,-0.014247,-0.017108
-0.039387,-0.064116,-0.027094,0.004017,-0.072667,0.069560,-0.001965,-0.002476,-0.008833,0.021312,0.010942,0.030606,-0.010187,0.046840,-0.086910,0.003770,-0.016220,0.057544,-0.018945,-0.008407,0.069299,-0.028231,0.006319,0.002308,-0.057475,0.043863,-0.021870,-0.038545,0.000371,0.014141,-0.025347,-0.015993,0.045565,0.025581,-0.025117,-0.046749,0.024852,-0.007605,-0.065582,-0.037846,0.000405,0.041822,-0.003423,0.002596,-0.009131,-0.020459,-0.013468,-0.030545,-0.052339,0.035414,0.061219,-0.016788,0.023285,0.034570,0.018775,-0.071684,0.017879,-0.031851,-0.003745,-0.042230,-0.035393,0.018285,-0.029508,0.042128,-0.004455,-0.029795,-0.014231,-0.021435,0.026069,-0.028414,0.009245
0.048745,-0.147923,-0.038012,0.227035,0.138441,0.020181,-0.139904,0.226941,0.065767,0.071377,-0.059667,0.343957,-0.107003,-0.038374,-0.304574,-0.106701,-0.126435,0.116944,-0.117562,0.214858,-0.086417,-0.171970,-0.003905,0.083358,-0.376828,-0.102933,-0.070403,0.103386,-0.005083,-0.168671,-0.007979,0.056090,0.025581,0.270192,0.041227,-0.013623,-0.226256,0.008429,0.004053,0.110417,0.215115,0.162609,-0.149291,-0.059912,0.124903,-0.063517,-0.132306,-0.215349,0.264966,-0.150210,-0.006813,0.009211,-0.010856,-0.274436,-0.029129,-0.048193,0.116726,0.172521,-0.016504,-0.001666,-0.092635,-0.271381,0.136918,0.060821,0.109900,0.070490,0.179743,0.043564,0.144831,-0.152973,-0.042001
-0.769301,0.429851,-0.313288,-0.223806,0.390149,-0.217290,0.359391,-0.397832,0.025355,-0.303868,0.054480,0.384649,0.079594,-0.196008,0.342359,0.440459,-0.212750,-0.099009,0.236300,0.017237,0.221557,0.009443,0.455720,-0.254562,-0.255082,0.207427,-0.036383,0.337958,0.106207,0.217707,-0.016701,0.145748,-0.025117,0.041227,0.432788,0.213996,0.382932,0.028489,-0.364047,-0.061155,0.280786,-0.210659,0.049427,0.220385,0.009075,-0.163197,-0.026755,-0.170995,0.057227,-0.339035,-0.035863,0.154037,0.058396,-0.028331,-0.358221,0.269256,-0.056408,0.122786,-0.310846,0.046324,0.139326,0.458388,-0.389997,0.010780,0.015105,0.059513,-0.242871,-0.043531,-0.033525,0.258339,-0.023167
-0.400415,0.185610,0.324513,-0.156454,0.094696,-0.051507,0.268750,-0.078940,-0.008696,-0.122157,0.345259,0.430512,-0.122672,-0.124244,0.062825,-0.150824,-0.109209,-0.199762,0.369985,-0.129263,0.431132,0.038302,0.510701,-0.065579,-0.012316,0.256155,-0.173656,0.216809,0.239507,0.118293,-0.095740,0.095285,-0.046749,-0.013623,0.213996,0.329511,0.682717,-0.192180,-0.109587,-0.085842,0.042826,-0.095691,0.344839,0.094902,-0.045397,-0.067696,-0.116691,0.048572,-0.120659,0.061866,0.005502,0.012258,-0.000714,0.178008,-0.206006,-0.089139,-0.097776,-0.125406,-0.223882,0.081155,-0.042248,0.237964,-0.083470,0.075187,-0.139507,-0.078873,-0.189572,0.095708,-0.133780,0.328227,0.047226
-1.369966,0.272075,1.141460,-0.545338,-0.432842,0.116604,0.960822,-0.423262,-0.050310,-0.442498,1.346958,1.100774,-0.531380,-0.127418,0.194250,-0.710163,-0.507867,-0.326854,1.229323,-0.762793,1.697337,0.135999,1.423407,-0.181740,0.302346,0.912103,-0.727031,0.094267,0.823567,0.722049,-0.519768,0.058107,0.024852,-0.226256,0.382932,0.682717,2.558863,-0.638739,-0.578577,-0.692932,-0.221638,-0.278249,1.258163,0.432510,-0.552059,-0.074288,-0.054256,0.146845,-0.915326,0.741465,0.259222,-0.004285,0.194462,1.076041,-0.468483,-0.902277,-0.463255,-0.896291,-0.572680,-0.105167,-0.091163,0.962909,-0.164745,0.467172,-0.607395,-0.533622,-0.692686,0.234938,-0.543524,0.914011,0.173798
0.087652,0.136243,-0.615446,0.114114,0.338547,-0.091097,-0.156464,-0.068725,0.120211,0.038216,-0.462763,-0.271940,0.271225,-0.085225,0.230054,0.500312,0.046882,0.129806,-0.313638,0.249564,-0.407536,-0.014801,-0.301215,-0.124955,-0.151075,-0.224344,0.222192,0.077418,-0.267334,-0.094857,0.187237,0.063557,-0.007605,0.008429,0.028489,-0.192180,-0.638739,0.277789,-0.024951,0.160297,0.140631,-0.024411,-0.412373,-0.000129,0.170026,0.007917,0.078126,-0.146905,0.272878,-0.387727,-0.078861,0.037223,-0.013337,-0.293574,0.030518,0.445675,0.117639,0.336582,0.102305,0.053816,0.161878,-0.063193,-0.230927,-0.109112,0.210302,0.206458,0.074849,-0.107529,0.129521,-0.242518,-0.065880
1.008111,-0.469637,0.408517,0.223079,-0.284351,-0.020812,-0.409568,0.518511,0.013319,0.250680,-0.101644,-0.298000,-0.162586,0.175063,-0.342068,-0.500906,0.280716,-0.050318,-0.262491,0.117946,-0.503001,-0.012576,-0.553841,0.311309,0.233418,-0.349040,0.056898,-0.241939,-0.160960,-0.330125,0.040276,-0.155805,-0.065582,0.004053,-0.364047,-0.109587,-0.578577,-0.024951,0.597513,0.194241,-0.258364,0.201216,-0.085402,-0.253077,0.044037,0.189898,-0.027483,0.202994,0.121819,0.274847,-0.088840,-0.093112,-0.131150,-0.197998,0.351726,-0.166733,0.063905,-0.023440,0.285726,0.038094,-0.118732,-0.590874,0.551168,-0.090403,0.023338,0.032344,0.388995,0.101527,0.019332,-0.265521,-0.003515
0.397622,-0.015932,-0.308818,0.217849,0.305406,-0.016581,-0.315720,0.226397,0.064217,0.206018,-0.412036,-0.191695,0.154718,-0.070072,-0.075893,0.187751,0.139427,0.058748,-0.328782,0.306966,-0.422238,-0.036383,-0.295640,0.034293,-0.174998,-0.259695,0.196471,0.123707,-0.222682,-0.301111,0.197176,0.087299,-0.037846,0.110417,-0.061155,-0.085842,-0.692932,0.160297,0.194241,0.282333,0.138804,0.111469,-0.359637,-0.170806,0.262083,0.008532,-0.087334,-0.077566,0.359232,-0.300812,-0.105599,-0.029534,-0.103453,-0.354259,0.107378,0.341384,0.175210,0.359138,0.150547,0.129964,0.002262,-0.353254,-0.003214,-0.120288,0.193419,0.196884,0.206364,-0.018340,0.166091,-0.249008,-0.046034
-0.435294,0.316480,-0.531584,0.076491,0.528882,-0.057398,0.021557,-0.140348,0.026833,-0.052157,-0.255941,0.212591,0.172901,-0.215881,0.098317,0.458096,-0.168751,0.092704,-0.086104,0.234562,-0.057159,-0.082173,0.180988,-0.148638,-0.444652,-0.013956,0.090840,0.335559,-0.028649,-0.053503,0.116844,0.202713,0.000405,0.215115,0.280786,0.042826,-0.221638,0.140631,-0.258364,0.138804,0.421471,-0.027946,-0.278185,0.026700,0.204798,-0.169237,-0.089929,-0.298348,0.352120,-0.529802,-0.071412,0.094598,0.004238,-0.281556,-0.231175,0.387267,0.114847,0.386177,-0.121157,0.071125,0.069559,0.040737,-0.281528,-0.038651,0.181378,0.168063,-0.027944,-0.061303,0.169778,-0.023878,-0.068199
0.487848,-0.397238,0.169856,0.317918,-0.087571,0.158057,-0.309731,0.465317,0.136540,0.274092,-0.060102,0.164096,-0.150210,0.056845,-0.431852,-0.346476,0.021606,0.142608,-0.198007,0.198709,-0.084541,-0.138626,-0.206187,0.165922,-0.187571,-0.164162,-0.086897,-0.071156,-0.085116,-0.267224,-0.000234,-0.006716,0.041822,0.162609,-0.210659,-0.095691,-0.278249,-0.024411,0.201216,0.111469,-0.027946,0.275258,-0.100193,-0.151536,0.119631,0.067900,-0.133274,-0.084934,0.126870,0.110608,0.054918,-0.123964,-0.047578,-0.162684,0.206813,-0.207628,0.137602,0.050299,0.151916,0.012386,-0.156143,-0.449240,0.236422,0.108551,0.061493,0.022577,0.252473,0.084294,0.099483,-0.284104,0.001559
-0.382083,-0.079288,1.010313,-0.193422,-0.405952,0.049066,0.434167,-0.022755,0.002413,-0.195145,0.889365,0.663311,-0.354875,0.048128,-0.102471,-0.745198,-0.150313,-0.257261,0.637455,-0.488174,0.774946,-0.017204,0.665128,0.059725,0.249112,0.433085,-0.439445,-0.056670,0.455651,0.310537,-0.343484,-0.101017,-0.003423,-0.149291,0.049427,0.344839,1.258163,-0.412373,-0.085402,-0.359637,-0.278185,-0.100193,0.794258,0.231902,-0.308401,0.011470,-0.026644,0.284670,-0.523850,0.594026,0.155032,-0.081171,0.091147,0.488300,-0.156665,-0.633645,-0.257584,-0.628842,-0.263649,-0.049418,-0.173560,0.341851,0.184421,0.208148,-0.363932,-0.309605,-0.285576,0.182429,-0.307647,0.501007,0.131686
-0.483935,0.124157,0.115578,0.039098,0.217136,-0.163411,0.311892,-0.140369,0.321832,-0.248787,0.330548,0.683392,0.003793,-0.129277,0.223396,-0.024591,-0.229841,-0.047232,0.243270,-0.086835,0.252932,-0.174989,0.395339,-0.176760,-0.211239,0.145504,-0.236989,0.159364,0.108553,0.231096,-0.141968,0.003883,0.002596,-0.059912,0.220385,0.094902,0.432510,-0.000129,-0.253077,-0.170806,0.026700,-0.151536,0.231902,0.386910,-0.047357,-0.025043,0.075577,-0.028376,-0.070460,-0.059407,0.075232,-0.009530,0.131845,-0.068259,-0.237744,0.002720,-0.083515,-0.136484,-0.244136,0.022749,0.061242,0.330767,-0.208061,0.118909,-0.030270,0.024072,-0.211505,0.045973,-0.109269,0.176273,0.031645
0.201180,0.037625,-0.331875,0.328068,0.512963,0.035316,-0.260454,0.259743,0.253063,0.233164,-0.339408,0.161783,0.223524,-0.169746,-0.071825,0.217826,0.059925,0.091113,-0.281265,0.342605,-0.228409,-0.144483,-0.068190,-0.065330,-0.395607,-0.168931,0.105876,0.275991,-0.204710,-0.291432,0.185875,0.163700,-0.009131,0.124903,0.009075,-0.045397,-0.552059,0.170026,0.044037,0.262083,0.204798,0.119631,-0.308401,-0.047357,0.358822,-0.029014,-0.142367,-0.128322,0.368944,-0.399026,-0.028643,-0.107892,-0.065253,-0.408349,0.029749,0.405399,0.218082,0.382966,0.067411,0.197605,-0.028839,-0.278469,-0.211639,-0.038439,0.216459,0.236152,0.097749,0.000801,0.177829,-0.222393,-0.014231
0.359483,-0.195830,0.173150,0.149396,-0.108571,0.012892,-0.133247,0.222526,0.148680,0.102463,0.008099,-0.045960,-0.089189,0.012059,-0.016251,-0.245584,0.022283,0.040547,-0.057009,0.035715,-0.084783,-0.005268,-0.200346,0.063593,0.133205,-0.152344,-0.061005,-0.135254,-0.065388,-0.069168,-0.005790,-0.045005,-0.020459,-0.063517,-0.163197,-0.067696,-0.074288,0.007917,0.189898,0.008532,-0.169237,0.067900,0.011470,-0.025043,-0.029014,0.149066,0.054199,0.032705,-0.013480,0.168720,-0.009467,-0.067930,-0.016724,0.000721,0.157061,-0.129567,-0.005668,-0.067449,0.138691,0.007160,0.017723,-0.196233,0.164616,0.055968,-0.009812,0.000065,0.125291,0.072476,-0.059688,-0.152203,-0.000087
-0.055504,0.094164,-0.102328,-0.087360,-0.103925,-0.075435,0.076529,-0.214895,-0.050327,-0.135453,-0.021167,-0.300361,0.069937,0.033964,0.260640,0.109507,-0.011393,0.021231,-0.002474,-0.130158,-0.129818,0.067050,-0.149694,-0.032265,0.236467,-0.056626,0.067330,-0.161344,-0.018902,0.154219,-0.004912,-0.086249,-0.013468,-0.132306,-0.026755,-0.116691,-0.054256,0.078126,-0.027483,-0.087334,-0.089929,-0.133274,-0.026644,0.075577,-0.142367,0.054199,0.208940,0.051581,-0.074737,0.030577,-0.042495,0.066672,0.051520,0.079365,-0.003767,0.029455,-0.093396,-0.077267,0.047125,-0.088417,0.135117,0.133398,0.024384,-0.066842,-0.013284,-0.020379,-0.038400,-0.057484,-0.056809,0.011902,-0.026869
0.237257,-0.060730,0.473875,-0.202895,-0.364645,0.018324,0.064902,-0.048093,-0.209709,-0.020634,0.247483,-0.297615,0.007803,0.196265,-0.050484,-0.269263,0.272571,-0.230524,0.120282,-0.322646,0.001186,0.100094,-0.019228,0.132014,0.430106,0.123563,0.050629,-0.180897,0.088886,0.063892,-0.063977,-0.177694,-0.030545,-0.215349,-0.170995,0.048572,0.146845,-0.146905,0.202994,-0.077566,-0.298348,-0.084934,0.284670,-0.028376,-0.128322,0.032705,0.051581,0.428805,-0.293455,0.342188,0.023433,-0.061118,-0.025861,0.218126,0.088631,-0.140759,-0.113114,-0.307817,0.021568,-0.008730,-0.112812,0.085099,0.186825,-0.136072,-0.167961,-0.134505,-0.096294,-0.002477,-0.111714,0.239642,0.083735
0.284679,0.034239,-0.480359,0.467956,0.640618,-0.111655,-0.356184,0.305867,0.272953,0.162310,-0.484462,0.156972,0.176299,-0.228320,-0.042369,0.234551,-0.056407,0.171519,-0.410249,0.490543,-0.563152,-0.209259,-0.269388,-0.007816,-0.497441,-0.409216,0.139286,0.272104,-0.252847,-0.357765,0.216910,0.164330,-0.052339,0.264966,0.057227,-0.120659,-0.915326,0.272878,0.121819,0.359232,0.352120,0.126870,-0.523850,-0.070460,0.368944,-0.013480,-0.074737,-0.293455,0.658728,-0.579332,-0.162758,0.000724,-0.068120,-0.671685,-0.008685,0.477507,0.239294,0.557518,0.114178,0.160107,0.057663,-0.481027,-0.001694,-0.090326,0.335074,0.334531,0.297805,0.013997,0.251436,-0.369673,-0.104933
0.392328,-0.549406,1.061430,-0.142172,-0.937824,0.165502,0.075474,0.240019,-0.158607,0.021568,0.653427,0.030522,-0.499821,0.339340,-0.405213,-0.961265,0.066579,-0.123875,0.320453,-0.426641,0.394022,0.068707,-0.001024,0.309014,0.538504,0.168764,-0.319671,-0.488824,0.264717,0.131227,-0.315368,-0.288521,0.035414,-0.150210,-0.339035,0.061866,0.741465,-0.387727,0.274847,-0.300812,-0.529802,0.110608,0.594026,-0.059407,-0.399026,0.168720,0.030577,0.342188,-0.579332,0.919137,0.154907,-0.101154,0.023692,0.536346,0.237121,-0.908266,-0.210675,-0.694824,0.059898,-0.193861,-0.222256,-0.058920,0.590147,0.179756,-0.357093,-0.376944,0.041883,0.155749,-0.254821,0.151824,0.103184
-0.076041,-0.132179,0.176772,0.022639,-0.123627,0.103644,0.059651,0.056132,0.078587,0.025709,0.187949,0.258365,-0.065656,0.054730,-0.146196,-0.157303,-0.036600,0.025938,0.081984,-0.070331,0.248545,-0.074815,0.147793,-0.002803,-0.077362,0.134464,-0.136225,-0.030251,0.058564,0.049555,-0.094597,-0.031121,0.061219,-0.006813,-0.035863,0.005502,0.259222,-0.078861,-0.088840,-0.105599,-0.071412,0.054918,0.155032,0.075232,-0.028643,-0.009467,-0.042495,0.023433,-0.162758,0.154907,0.131666,-0.078654,0.046878,0.097651,0.012573,-0.193623,-0.003161,-0.156208,-0.055071,-0.029022,-0.092608,0.069966,-0.045780,0.116745,-0.064012,-0.074111,-0.076832,0.021683,-0.026958,0.033702,0.051194
-0.250967,0.177269,-0.259744,-0.267877,-0.043154,-0.152837,0.138612,-0.317234,-0.221552,-0.205232,-0.101626,-0.246415,0.007972,0.036702,0.183720,0.306599,-0.025592,-0.045642,0.033295,-0.032178,-0.107435,0.121888,-0.040031,-0.047833,0.080633,0.026603,0.112460,-0.014165,0.010683,0.133228,0.008474,-0.019776,-0.016788,0.009211,0.154037,0.012258,-0.004285,0.037223,-0.093112,-0.029534,0.094598,-0.123964,-0.081171,-0.009530,-0.107892,-0.067930,0.066672,-0.061118,0.000724,-0.101154,-0.078654,0.181394,0.008479,0.051675,-0.104554,0.094193,-0.066515,0.050094,-0.074498,-0.084798,0.119387,0.211660,-0.036946,-0.088940,-0.001143,-0.013614,-0.030205,-0.088434,-0.002485,0.085899,-0.051509
-0.219276,0.023480,0.044770,-0.003508,-0.010249,-0.016258,0.125872,-0.086708,0.062965,-0.102159,0.144925,0.202777,-0.021624,-0.012223,0.049797,-0.029963,-0.111571,0.022181,0.095360,-0.076301,0.129546,-0.059649,0.133067,-0.044912,-0.051533,0.072620,-0.094872,-0.005071,0.067423,0.119347,-0.076218,-0.021413,0.023285,-0.010856,0.058396,-0.000714,0.194462,-0.013337,-0.131150,-0.103453,0.004238,-0.047578,0.091147,0.131845,-0.065253,-0.016724,0.051520,-0.025861,-0.068120,0.023692,0.046878,0.008479,0.067767,0.033397,-0.082394,-0.076338,-0.045333,-0.091812,-0.080026,-0.045712,0.014617,0.134422,-0.041064,0.057912,-0.027470,-0.031076,-0.080449,0.002421,-0.033922,0.062323,0.007568
-0.455886,0.180737,0.329927,-0.575005,-0.620957,0.224731,0.367982,-0.437286,-0.467193,-0.120479,0.386057,-0.482822,-0.151784,0.138456,0.181234,-0.102003,0.010408,-0.137914,0.473054,-0.534296,0.712333,0.387222,0.323894,-0.025269,0.662909,0.449630,-0.056106,-0.264987,0.324076,0.387369,-0.142061,-0.051719,0.034570,-0.274436,-0.028331,0.178008,1.076041,-0.293574,-0.197998,-0.354259,-0.281556,-0.162684,0.488300,-0.068259,-0.408349,0.000721,0.079365,0.218126,-0.671685,0.536346,0.097651,0.051675,0.033397,0.901355,-0.018452,-0.442668,-0.271664,-0.488167,-0.059273,-0.170144,0.010896,0.518218,-0.055804,0.077008,-0.365572,-0.386085,-0.344160,-0.030473,-0.265374,0.416645,0.075572
0.756924,-0.396110,0.089085,0.152085,-0.308143,0.134593,-0.364485,0.350507,-0.005699,0.286308,-0.212487,-0.433203,-0.060932,0.180022,-0.262434,-0.220873,0.230990,0.093458,-0.289732,0.106219,-0.295768,0.038420,-0.516556,0.185454,0.191646,-0.235136,0.090532,-0.275655,-0.198267,-0.234828,0.066075,-0.107017,0.018775,-0.029129,-0.358221,-0.206006,-0.468483,0.030518,0.351726,0.107378,-0.231175,0.206813,-0.156665,-0.237744,0.029749,0.157061,-0.003767,0.088631,-0.008685,0.237121,0.012573,-0.104554,-0.082394,-0.018452,0.361736,-0.144936,0.086125,-0.012245,0.294702,-0.022400,-0.071666,-0.407720,0.264502,-0.013336,0.026857,-0.006523,0.262211,0.012848,0.044761,-0.315530,0.002660
-0.220184,0.663095,-1.187171,-0.038447,0.896353,-0.204436,-0.094409,-0.375586,0.054644,0.001493,-0.817966,-0.516909,0.678644,-0.280017,0.611217,1.194286,0.180224,0.008642,-0.385051,0.363983,-0.553209,0.097343,-0.166391,-0.353069,-0.253586,-0.172064,0.520167,0.439012,-0.380166,-0.123403,0.419171,0.251760,-0.071684,-0.048193,0.269256,-0.089139,-0.902277,0.445675,-0.166733,0.341384,0.387267,-0.207628,-0.633645,0.002720,0.405399,-0.129567,0.029455,-0.140759,0.477507,-0.908266,-0.193623,0.094193,-0.076338,-0.442668,-0.144936,1.125339,0.189770,0.700233,0.016594,0.247969,0.287991,0.167691,-0.718082,-0.327822,0.338800,0.394655,-0.111773,-0.231424,0.212568,-0.106848,-0.079860
0.243429,-0.087170,-0.237541,0.232530,0.226903,0.055782,-0.237657,0.218699,0.133710,0.188968,-0.270403,0.029883,0.103162,-0.045954,-0.144562,0.112500,0.053033,0.113555,-0.254910,0.253151,-0.208475,-0.099889,-0.164973,0.005474,-0.260489,-0.153458,0.078590,0.098256,-0.168607,-0.222858,0.115325,0.071673,0.017879,0.116726,-0.056408,-0.097776,-0.463255,0.117639,0.063905,0.175210,0.114847,0.137602,-0.257584,-0.083515,0.218082,-0.005668,-0.093396,-0.113114,0.239294,-0.210675,-0.003161,-0.066515,-0.045333,-0.271664,0.086125,0.189770,0.163021,0.246119,0.093192,0.082223,-0.037601,-0.258806,-0.065029,-0.011450,0.152159,0.138923,0.134329,-0.011386,0.146085,-0.229972,-0.019407
0.086150,0.259370,-0.883102,0.216694,0.677280,-0.068780,-0.296529,0.030494,0.110490,0.163697,-0.716561,-0.244862,0.351219,-0.225701,0.167427,0.699062,0.043381,0.162526,-0.436435,0.486209,-0.498023,-0.022039,-0.273917,-0.149671,-0.399097,-0.296394,0.322579,0.311141,-0.327719,-0.288863,0.324632,0.232942,-0.031851,0.172521,0.122786,-0.125406,-0.896291,0.336582,-0.023440,0.359138,0.386177,0.050299,-0.628842,-0.136484,0.382966,-0.067449,-0.077267,-0.307817,0.557518,-0.694824,-0.156208,0.050094,-0.091812,-0.488167,-0.012245,0.700233,0.246119,0.652286,0.113071,0.168729,0.149398,-0.235863,-0.332870,-0.150046,0.334427,0.330276,0.154443,-0.107010,0.259622,-0.325031,-0.103651
0.631628,-0.208847,-0.095281,0.200890,-0.124427,0.143424,-0.374302,0.266554,-0.025895,0.278626,-0.318888,-0.545818,0.049336,0.070380,-0.113966,-0.075648,0.172589,0.142946,-0.320551,0.123988,-0.348599,0.056937,-0.506723,0.139435,0.185794,-0.287034,0.163846,-0.215707,-0.195104,-0.231849,0.137305,-0.035007,-0.003745,-0.016504,-0.310846,-0.223882,-0.572680,0.102305,0.285726,0.150547,-0.121157,0.151916,-0.263649,-0.244136,0.067411,0.138691,0.047125,0.021568,0.114178,0.059898,-0.055071,-0.074498,-0.080026,-0.059273,0.294702,0.016594,0.093192,0.113071,0.321427,-0.003232,-0.000325,-0.416740,0.206975,-0.065626,0.084610,0.045088,0.245524,-0.008637,0.081218,-0.320950,-0.032278
