0.448298,-0.437682,-0.020122,0.016149,0.058822,-0.010232,-0.059918,-0.053442,-0.006773,-0.130524,-0.013635,0.031227,-0.023420,-0.115491,-0.024678,-0.009837,-0.017487,-0.060809,0.038575,-0.037207,0.071407,0.038988,-0.020949,-0.015032,0.014074,-0.018210,0.013456,-0.019640,-0.028306,0.012017,-0.016322,0.003235,-0.026366,-0.010416,-0.008576,0.008025,0.024890,0.015900,-0.042091,0.016843,-0.032209,-0.005549,0.003247,0.008073,0.002588,-0.005816,-0.008321,0.029786,0.053323,0.024178,0.017319,0.006272,0.040025,-0.049573,-0.019121,-0.037929,-0.016735,-0.039216,-0.018593,0.017633,-0.035592,-0.022119,0.016583,-0.015675,0.012438,-0.008668,-0.004333,-0.003432,0.066066,0.001246,-0.008558
-0.437682,1.674231,0.087777,-0.279148,-0.208419,-0.179035,0.131821,-0.207232,-0.130831,0.144905,-0.053442,0.121718,-0.101918,0.095641,-0.121569,-0.109318,-0.076687,0.293932,-0.092145,0.113967,-0.132048,0.010275,-0.028052,-0.045057,-0.089773,-0.044305,-0.131172,0.096886,0.134440,-0.023180,-0.085781,-0.011486,-0.003790,0.045365,0.014216,-0.105798,-0.043495,-0.051164,0.159761,-0.087763,0.054268,-0.035761,0.014298,-0.015414,0.013222,0.014022,0.040400,-0.079933,-0.114067,-0.045812,-0.024020,-0.003021,-0.041277,0.072001,0.022981,0.077574,0.006093,0.063236,-0.035521,0.005998,0.117459,0.017859,-0.011813,0.010658,-0.036169,0.042381,0.049967,0.016384,-0.128018,-0.019244,-0.019667
-0.020122,0.087777,0.167276,-0.051958,0.020492,0.023711,0.001764,-0.062721,0.042643,0.145596,0.026451,0.054668,-0.019256,0.094441,0.120220,-0.034084,0.018233,-0.039273,0.023068,0.010995,-0.006855,-0.030549,0.033436,0.048145,-0.000610,-0.004258,-0.002441,-0.004182,0.000833,-0.006115,0.012053,-0.006080,0.020596,0.002975,0.001762,0.019282,0.002146,-0.039181,0.033902,0.005266,0.006082,-0.026920,0.009557,-0.003738,-0.008253,-0.016584,0.019753,-0.015984,-0.025767,-0.018608,-0.018621,0.020413,-0.019267,0.002507,0.002084,0.000939,-0.005117,-0.002145,0.012696,-0.021728,0.004561,0.006848,-0.006051,0.004546,0.015507,-0.000027,0.012155,-0.001437,-0.020819,0.002431,0.004521
0.016149,-0.279148,-0.051958,0.248979,0.051084,0.082658,-0.054259,0.120258,0.050471,-0.092757,-0.015112,-0.054137,0.053084,-0.038782,0.042215,0.071583,0.049549,-0.037801,0.004771,-0.055373,0.018452,-0.037160,0.011248,-0.019003,0.017807,0.013707,0.000334,-0.018323,-0.005190,0.003702,0.022884,-0.001581,0.003358,0.000209,0.003978,0.010795,0.004100,0.025046,-0.021808,0.015296,-0.019976,0.026713,-0.006113,-0.001345,-0.012040,0.026329,0.009287,0.014859,0.039461,0.018880,0.012583,0.012171,0.005156,-0.004994,0.012385,-0.001722,0.000008,-0.002264,-0.013360,0.017561,-0.005134,-0.000060,-0.010399,0.002170,-0.000050,-0.017832,-0.008736,-0.016947,0.001125,0.021430,0.014232
0.058822,-0.208419,0.020492,0.051084,0.119505,0.031283,-0.033993,0.042196,0.048628,0.023163,0.040695,-0.035553,0.007682,-0.007008,0.043736,0.024236,0.015392,-0.052399,0.016344,-0.022508,0.026440,-0.000347,0.010724,0.023382,-0.001871,0.007800,0.010995,-0.019973,-0.010544,-0.005817,0.015921,0.004154,0.005358,-0.003426,-0.001058,0.014383,0.000879,-0.002438,-0.017272,0.008803,-0.000040,0.002479,-0.006836,0.007250,-0.008087,0.002366,-0.000981,0.008560,0.014154,0.006273,0.001082,0.010959,0.007484,-0.002239,-0.000389,-0.013277,-0.005067,-0.011109,0.004738,-0.007284,-0.022596,0.004412,-0.002825,0.001897,0.003981,-0.002908,-0.015469,-0.000206,0.006139,0.004333,0.003073
-0.010232,-0.179035,0.023711,0.082658,0.031283,0.131877,-0.015097,0.034358,0.080208,0.008300,0.018606,-0.005142,0.032208,0.031628,0.064282,0.001077,0.035550,-0.054085,0.027628,-0.017968,0.006123,-0.017956,0.028966,0.013326,0.019940,-0.003575,0.019631,-0.011034,-0.014291,-0.000064,0.026286,0.000126,0.015057,-0.010507,-0.001156,0.022992,0.003539,-0.006527,-0.021756,0.021406,-0.010716,0.004624,-0.003538,-0.004296,-0.006545,0.010079,0.003442,0.010875,0.019354,0.008478,-0.004238,0.004447,-0.003625,0.004069,0.006473,-0.006513,0.002535,-0.005878,0.017284,0.000490,-0.011903,0.002231,0.001671,0.001927,0.010264,-0.013557,-0.006633,-0.004155,-0.003515,0.010619,0.015096
-0.059918,0.131821,0.001764,-0.054259,-0.033993,-0.015097,0.155059,0.013686,0.003890,0.047960,-0.041138,0.015052,0.001414,0.020116,-0.010874,-0.013933,-0.011627,0.040404,-0.006612,0.024880,-0.037866,0.002990,-0.008157,0.009376,0.001108,0.010664,0.005642,0.030250,-0.005244,0.017722,0.016114,-0.013878,0.000712,-0.000125,-0.003922,0.002828,-0.013640,-0.004727,-0.000201,-0.007808,-0.001372,-0.011655,0.003641,-0.014796,-0.000907,-0.015133,-0.005675,0.000703,-0.017725,-0.005249,-0.011349,-0.010934,-0.000414,0.011792,-0.001313,-0.000356,0.013298,0.008480,0.015722,-0.002242,-0.001664,-0.000147,0.002966,0.003370,0.000386,0.007126,0.003911,0.001138,-0.009578,-0.003568,0.006803
-0.053442,-0.207232,-0.062721,0.120258,0.042196,0.034358,0.013686,0.263713,0.032706,-0.065256,-0.023953,-0.103724,0.040325,-0.016089,-0.011272,0.064402,0.016824,-0.008314,-0.000593,-0.026477,-0.038739,0.010938,-0.010963,0.001000,0.007295,0.024733,0.013878,0.005022,-0.034711,0.009143,0.034185,-0.007113,0.029435,-0.007407,-0.022688,0.011302,-0.001930,0.030685,-0.014752,0.008218,0.008711,0.016124,-0.004660,-0.001840,-0.021933,0.000199,-0.012310,0.023106,0.012676,0.010186,0.001783,-0.011507,-0.003681,0.004787,0.011070,0.002948,-0.012076,0.010749,0.003809,-0.010010,-0.007322,0.000324,-0.005637,0.002233,-0.011847,-0.020439,-0.022742,-0.004060,0.000929,0.017810,0.020584
-0.006773,-0.130831,0.042643,0.050471,0.048628,0.080208,0.003890,0.032706,0.176118,0.087559,0.021575,0.016629,0.031719,0.034838,0.100006,-0.008784,0.035656,-0.028645,0.023824,-0.005504,-0.000090,-0.010020,0.037098,0.021223,0.012466,0.002894,0.004080,-0.016084,-0.012516,-0.006197,0.026068,-0.003183,0.024479,-0.001992,-0.003718,0.021923,-0.001912,-0.011353,-0.018491,0.012281,-0.014693,0.000852,-0.010756,-0.006567,-0.013972,0.003730,0.000230,0.007098,0.013884,-0.003319,-0.009400,0.016285,-0.000209,-0.000469,0.011924,-0.007084,-0.000732,-0.005570,0.014386,-0.006217,-0.027962,-0.008119,-0.006735,0.002394,0.008456,-0.003350,-0.002899,-0.002823,0.004810,0.001727,0.012856
-0.130524,0.144905,0.145596,-0.092757,0.023163,0.008300,0.047960,-0.065256,0.087559,0.332915,0.036209,0.068873,0.004479,0.131423,0.147536,-0.043464,0.003392,-0.023303,0.014212,0.028601,-0.012879,-0.046503,0.040889,0.058487,-0.002522,0.006260,0.008152,-0.026146,0.000687,-0.017107,0.026339,-0.000459,0.017867,-0.000365,0.004141,0.030267,-0.009649,-0.056044,0.024585,-0.012692,0.000937,-0.029756,-0.002135,-0.017263,-0.018136,-0.011371,0.015238,-0.014117,-0.030150,-0.022251,-0.030473,0.032379,-0.014570,0.011020,0.004237,-0.003963,0.011275,0.006560,0.030522,-0.019697,-0.010267,0.004657,-0.014735,0.013731,0.016773,0.020051,0.016458,0.007225,-0.017175,-0.006712,-0.002419
-0.013635,-0.053442,0.026451,-0.015112,0.040695,0.018606,-0.041138,-0.023953,0.021575,0.036209,0.123671,-0.014045,-0.005114,0.037118,0.034844,0.023066,-0.010497,-0.046049,0.002130,-0.008338,0.003788,-0.015005,0.015595,0.016454,0.006268,-0.005971,0.015962,-0.016681,0.000752,-0.005191,0.004594,0.005780,-0.006201,-0.007561,-0.000627,0.009766,0.002010,-0.018836,-0.003419,0.010742,0.001127,0.004926,-0.007771,0.020743,0.004392,0.003352,0.009867,0.003560,-0.015262,-0.008101,-0.005938,0.012591,-0.009578,0.006210,-0.001942,-0.000395,0.007111,-0.003963,0.005511,-0.001590,0.004618,-0.002146,-0.002779,-0.008414,0.002993,-0.004837,-0.005963,0.005776,0.003059,0.013494,0.001532
0.031227,0.121718,0.054668,-0.054137,-0.035553,-0.005142,0.015052,-0.103724,0.016629,0.068873,-0.014045,0.147650,-0.026459,0.021866,0.044129,-0.050675,0.007327,0.005756,0.013265,0.001118,0.019642,-0.009131,0.013898,0.005527,0.002344,-0.016613,-0.012602,-0.007198,0.018212,-0.009311,-0.022594,-0.010450,-0.010814,0.001195,0.007409,-0.009395,-0.003593,-0.028878,0.017191,-0.011411,-0.015975,-0.024471,0.005588,-0.011216,-0.000651,-0.012346,0.010928,-0.016179,-0.008330,-0.020745,-0.005017,0.020849,0.002160,-0.002989,0.001510,-0.004196,-0.007399,-0.005604,0.004683,0.010465,-0.003768,-0.014911,-0.012839,0.001412,0.018260,0.004666,0.013687,-0.002991,-0.013807,-0.004831,-0.010375
-0.023420,-0.101918,-0.019256,0.053084,0.007682,0.032208,0.001414,0.040325,0.031719,0.004479,-0.005114,-0.026459,0.079435,-0.002597,0.006964,0.021444,0.003550,-0.015571,0.002295,-0.002508,-0.000383,-0.006844,0.003175,0.000644,0.009099,-0.000591,0.010267,-0.003005,-0.003656,0.005731,0.015164,0.000815,0.000758,-0.011375,0.004173,0.009524,-0.001908,0.006743,-0.016187,0.009072,-0.004636,0.005903,-0.000666,-0.000136,-0.011578,0.013170,-0.001632,0.007002,0.006977,0.012596,-0.006019,0.001801,0.001320,-0.009966,0.000758,-0.005002,0.005599,-0.003608,0.001406,0.001724,-0.007844,-0.007172,-0.003316,0.004629,-0.004565,0.005340,-0.007071,0.000124,0.015407,0.004000,0.005309
-0.115491,0.095641,0.094441,-0.038782,-0.007008,0.031628,0.020116,-0.016089,0.034838,0.131423,0.037118,0.021866,-0.002597,0.168806,0.094503,-0.034434,0.017232,-0.036000,0.024983,0.000491,-0.019449,-0.051994,0.053065,0.038651,-0.000053,-0.010275,0.007190,-0.004264,-0.012826,-0.009066,0.019697,0.010267,0.026899,0.009661,-0.009231,0.023874,-0.002942,-0.034224,0.022995,0.009448,0.005405,-0.012407,0.006616,-0.003715,0.000086,-0.016249,0.024500,-0.017108,-0.020033,-0.012050,-0.020266,0.013919,-0.027753,0.007191,0.001206,0.009621,0.010908,0.001587,0.023018,-0.010878,0.013333,0.005212,-0.013590,0.008939,0.014045,-0.005529,0.009632,-0.001652,-0.018066,0.009448,0.005256
-0.024678,-0.121569,0.120220,0.042215,0.043736,0.064282,-0.010874,-0.011272,0.100006,0.147536,0.034844,0.044129,0.006964,0.094503,0.215933,-0.007353,0.053155,-0.087739,0.046331,-0.019961,0.023837,-0.053069,0.052240,0.048988,0.012045,-0.001518,0.013647,-0.031448,-0.026217,-0.016091,0.027070,0.001343,0.016788,0.004528,0.010557,0.037932,-0.000670,-0.035076,0.009167,0.017729,-0.013218,-0.017800,0.009181,-0.007175,-0.004150,-0.009539,0.020478,-0.003163,-0.006701,-0.017319,-0.021603,0.034226,-0.021253,-0.009242,0.006260,-0.013121,0.007143,-0.009627,0.014228,-0.011411,-0.007299,-0.004609,-0.017734,0.001161,0.017757,-0.009716,0.007783,-0.009331,-0.010550,0.004940,0.006892
-0.009837,-0.109318,-0.034084,0.071583,0.024236,0.001077,-0.013933,0.064402,-0.008784,-0.043464,0.023066,-0.050675,0.021444,-0.034434,-0.007353,0.125446,0.011002,-0.012410,-0.018841,-0.007390,0.000305,0.009020,-0.015330,-0.000656,0.007140,0.020293,0.015956,-0.011337,-0.006652,0.005745,0.000896,-0.004932,-0.011838,-0.013742,0.009592,-0.004193,0.000700,0.017784,-0.004277,0.000272,-0.005461,0.013315,-0.010871,0.009462,-0.005308,0.012765,0.000579,0.016868,-0.002020,0.011672,0.003854,-0.004937,0.005634,0.007079,0.002013,-0.005631,0.000212,0.003876,-0.009634,0.000439,0.002230,-0.000322,0.003981,-0.002257,-0.006836,-0.003658,-0.007486,-0.002935,-0.003370,0.005277,0.004171
-0.017487,-0.076687,0.018233,0.049549,0.015392,0.035550,-0.011627,0.016824,0.035656,0.003392,-0.010497,0.007327,0.003550,0.017232,0.053155,0.011002,0.099002,-0.028384,-0.002024,-0.009597,0.011050,-0.005507,0.022890,0.011515,0.003786,0.010978,-0.006996,-0.008822,-0.013069,-0.005860,0.004031,-0.009753,0.007110,0.005352,0.012562,0.006482,-0.005138,-0.002315,-0.005971,0.013376,-0.013150,0.000515,-0.003804,-0.002920,-0.003930,0.002595,0.003162,-0.003050,0.013910,-0.004469,-0.002042,-0.005799,0.006282,0.003398,0.001647,-0.001413,0.004559,0.001163,0.003402,0.000552,-0.014832,0.007099,-0.004408,-0.001556,0.004272,0.003626,-0.001781,-0.010107,-0.003888,-0.006829,0.001095
-0.060809,0.293932,-0.039273,-0.037801,-0.052399,-0.054085,0.040404,-0.008314,-0.028645,-0.023303,-0.046049,0.005756,-0.015571,-0.036000,-0.087739,-0.012410,-0.028384,0.150520,-0.043956,0.029621,-0.029081,0.021468,-0.038341,-0.031665,-0.022348,-0.000046,-0.025606,0.035968,0.030238,0.013020,-0.023655,-0.007755,-0.005133,0.005650,-0.006290,-0.039075,-0.002060,0.007938,0.020664,-0.026574,0.001176,0.004916,-0.005947,-0.007694,-0.000817,0.002649,0.002338,-0.011249,-0.003140,-0.005276,0.004946,-0.013072,0.011115,0.019320,0.004366,0.023745,-0.005217,0.019673,-0.016998,0.010106,0.017752,-0.001000,-0.003249,0.007371,-0.011369,0.007312,0.006903,0.006398,-0.023010,-0.008668,-0.003809
0.038575,-0.092145,0.023068,0.004771,0.016344,0.027628,-0.006612,-0.000593,0.023824,0.014212,0.002130,0.013265,0.002295,0.024983,0.046331,-0.018841,-0.002024,-0.043956,0.072055,-0.017653,0.008610,-0.009873,0.018384,0.016219,0.008601,-0.003220,0.015583,-0.013195,-0.011238,-0.009675,0.003892,0.009775,0.004892,0.002941,-0.004557,0.021386,0.001934,-0.003283,-0.012478,-0.000307,0.005144,-0.006264,0.005544,-0.007159,0.001521,-0.006508,-0.000044,-0.001969,0.008164,0.001786,-0.007318,0.011926,-0.007038,-0.012939,-0.000422,-0.003628,0.000696,-0.010114,0.011540,-0.002549,-0.005988,-0.006120,-0.003601,-0.005586,0.004480,-0.002828,-0.001076,-0.000457,0.005300,0.000922,-0.002071
-0.037207,0.113967,0.010995,-0.055373,-0.022508,-0.017968,0.024880,-0.026477,-0.005504,0.028601,-0.008338,0.001118,-0.002508,0.000491,-0.019961,-0.007390,-0.009597,0.029621,-0.017653,0.083974,-0.011229,0.015017,-0.008984,0.003791,-0.001917,0.008884,-0.007363,0.009702,0.010240,0.007866,-0.011445,-0.008237,-0.000115,0.003898,0.004265,-0.006331,0.005173,0.003777,0.006820,-0.006493,0.009751,-0.009654,-0.003094,0.004143,-0.000715,-0.005748,-0.005829,-0.005069,-0.003833,0.004665,0.002854,-0.015942,0.003383,0.011540,-0.001339,0.003771,0.003716,0.013572,0.004747,0.001702,-0.001986,0.011511,0.011830,0.004702,-0.009510,0.012524,0.002868,0.004388,-0.002891,-0.008654,0.003180
0.071407,-0.132048,-0.006855,0.018452,0.026440,0.006123,-0.037866,-0.038739,-0.000090,-0.012879,0.003788,0.019642,-0.000383,-0.019449,0.023837,0.000305,0.011050,-0.029081,0.008610,-0.011229,0.093676,-0.001248,0.009377,-0.005495,0.008170,-0.001545,0.013628,-0.025592,-0.001839,-0.001976,-0.006848,0.002897,-0.015911,-0.001940,0.021587,0.009951,0.006773,-0.005697,-0.020617,0.001080,-0.016362,-0.002090,0.005821,-0.001242,0.005970,-0.005426,0.005287,0.002651,0.021200,0.007162,-0.000082,0.015685,0.013239,-0.014258,-0.007921,-0.013967,0.001796,-0.006868,-0.006807,0.015468,-0.018386,-0.009077,-0.001803,-0.001693,0.000244,0.000514,-0.005110,0.001182,0.010386,-0.010395,-0.013763
0.038988,0.010275,-0.030549,-0.037160,-0.000347,-0.017956,0.002990,0.010938,-0.010020,-0.046503,-0.015005,-0.009131,-0.006844,-0.051994,-0.053069,0.009020,-0.005507,0.021468,-0.009873,0.015017,-0.001248,0.086055,-0.027514,-0.005312,-0.007019,0.001420,0.000177,0.015088,-0.011355,0.007765,-0.007827,-0.003019,-0.003072,-0.013794,-0.001366,-0.007393,0.007397,0.015999,-0.003926,-0.005592,0.006273,0.000553,-0.001128,0.001859,-0.000328,-0.002086,-0.018168,0.009593,0.001583,-0.000549,0.002196,-0.017908,0.012912,0.009218,-0.005290,-0.002348,-0.007752,-0.000483,-0.000376,-0.005271,-0.019907,-0.000374,0.011814,-0.006884,-0.004826,0.004616,-0.006553,0.006273,0.007981,-0.013211,0.001018
-0.020949,-0.028052,0.033436,0.011248,0.010724,0.028966,-0.008157,-0.010963,0.037098,0.040889,0.015595,0.013898,0.003175,0.053065,0.052240,-0.015330,0.022890,-0.038341,0.018384,-0.008984,0.009377,-0.027514,0.067368,0.008244,0.006248,-0.004036,0.004673,-0.014986,-0.003186,-0.011118,0.008628,0.008991,0.011087,0.008617,-0.000548,0.016454,-0.004735,-0.018767,0.000933,0.014035,0.002945,0.004194,-0.001725,0.001492,0.002563,-0.003137,0.006672,-0.008624,-0.002871,-0.007227,-0.003589,0.009673,-0.011023,0.001898,0.000417,0.003891,0.007193,-0.004262,0.011384,-0.004125,-0.002124,0.004067,-0.008790,0.002451,0.004924,-0.007965,0.001114,-0.007478,-0.005872,0.007144,0.000595
-0.015032,-0.045057,0.048145,-0.019003,0.023382,0.013326,0.009376,0.001000,0.021223,0.058487,0.016454,0.005527,0.000644,0.038651,0.048988,-0.000656,0.011515,-0.031665,0.016219,0.003791,-0.005495,-0.005312,0.008244,0.076753,0.003397,-0.000924,0.007972,-0.001251,-0.023750,-0.000497,0.016152,-0.005156,0.022433,-0.002182,-0.002044,0.015041,-0.001110,-0.009266,0.002205,0.007285,0.008443,-0.006486,-0.000634,0.000365,-0.004251,-0.006239,0.002850,0.002795,-0.014430,-0.005514,-0.005655,0.001599,-0.011218,0.002000,-0.003710,-0.005371,0.003700,-0.003587,0.018195,-0.015814,-0.005699,0.003469,-0.006350,-0.001310,0.006493,-0.001425,0.006634,-0.000369,-0.005963,0.000770,0.005678
0.014074,-0.089773,-0.000610,0.017807,-0.001871,0.019940,0.001108,0.007295,0.012466,-0.002522,0.006268,0.002344,0.009099,-0.000053,0.012045,0.007140,0.003786,-0.022348,0.008601,-0.001917,0.008170,-0.007019,0.006248,0.003397,0.043672,-0.001494,0.012646,-0.008543,-0.007102,0.007537,0.008716,0.001316,-0.003934,-0.000517,0.005277,0.008693,-0.001825,-0.001158,-0.014638,0.004675,-0.005728,0.000638,0.003097,0.000655,0.005290,-0.005512,-0.005179,0.005573,0.005291,0.003271,-0.000769,0.001745,0.003261,-0.003673,-0.003990,-0.004698,0.007026,0.001111,0.008855,-0.003891,-0.008808,-0.002114,0.002985,-0.006063,-0.002794,-0.002667,-0.003658,-0.001792,0.006756,-0.000379,-0.000044
-0.018210,-0.044305,-0.004258,0.013707,0.007800,-0.003575,0.010664,0.024733,0.002894,0.006260,-0.005971,-0.016613,-0.000591,-0.010275,-0.001518,0.020293,0.010978,-0.000046,-0.003220,0.008884,-0.001545,0.001420,-0.004036,-0.000924,-0.001494,0.050173,0.007908,-0.002820,0.002769,0.003389,0.006466,-0.005501,0.001482,-0.000058,0.000965,0.006908,0.004927,0.016108,-0.003464,-0.003720,-0.001646,0.004104,-0.003749,-0.002384,-0.001170,-0.001849,-0.008624,0.003992,0.003892,0.000579,0.003990,-0.005772,0.003927,0.006930,-0.000932,-0.004328,0.000649,0.009365,0.003515,0.000706,-0.004773,0.005282,0.000678,0.000290,0.003216,0.000945,-0.002927,0.001798,-0.000623,-0.002486,0.003364
0.013456,-0.131172,-0.002441,0.000334,0.010995,0.019631,0.005642,0.013878,0.004080,0.008152,0.015962,-0.012602,0.010267,0.007190,0.013647,0.015956,-0.006996,-0.025606,0.015583,-0.007363,0.013628,0.000177,0.004673,0.007972,0.012646,0.007908,0.054845,-0.013122,-0.015562,-0.001786,0.010757,-0.004452,-0.005365,-0.005629,0.006353,0.015143,0.001210,0.001383,-0.019105,0.000729,-0.006880,0.001610,0.007166,-0.002459,0.006724,-0.002856,-0.008640,0.010726,0.002165,0.005826,-0.005081,-0.001031,0.000971,-0.004046,-0.006880,-0.011027,0.001552,-0.003346,0.008217,0.001205,-0.011904,-0.007434,0.003873,-0.006275,0.001695,-0.002692,-0.003991,0.001654,0.010160,-0.001126,0.001863
-0.019640,0.096886,-0.004182,-0.018323,-0.019973,-0.011034,0.030250,0.005022,-0.016084,-0.026146,-0.016681,-0.007198,-0.003005,-0.004264,-0.031448,-0.011337,-0.008822,0.035968,-0.013195,0.009702,-0.025592,0.015088,-0.014986,-0.001251,-0.008543,-0.002820,-0.013122,0.053505,-0.000757,0.005457,0.002754,-0.005210,0.010196,-0.001975,-0.003554,-0.010302,0.001353,0.005655,0.009406,0.000097,0.007405,-0.008343,0.007079,-0.000138,-0.004224,-0.008049,-0.007921,0.003167,-0.007890,-0.001477,0.000447,-0.014904,0.004764,0.006942,0.000476,0.004861,0.000667,0.000450,0.000948,-0.008533,0.008145,0.002190,0.002982,-0.001715,0.003320,-0.004431,-0.002740,0.002519,-0.002996,-0.000593,0.003332
-0.028306,0.134440,0.000833,-0.005190,-0.010544,-0.014291,-0.005244,-0.034711,-0.012516,0.000687,0.000752,0.018212,-0.003656,-0.012826,-0.026217,-0.006652,-0.013069,0.030238,-0.011238,0.010240,-0.001839,-0.011355,-0.003186,-0.023750,-0.007102,0.002769,-0.015562,-0.000757,0.059653,-0.000652,-0.019576,0.000210,-0.013431,0.005253,0.002097,-0.017373,-0.004463,-0.003263,0.008883,-0.014146,-0.001193,-0.000032,-0.009846,0.007726,-0.001648,0.008524,0.009528,-0.013295,-0.008761,0.000578,0.002522,0.006405,-0.003705,0.008000,0.005270,0.011142,-0.002608,0.005064,-0.012251,0.007983,0.010434,0.003990,-0.000461,0.005909,-0.004397,0.008019,0.003803,0.000212,-0.013227,0.001113,-0.006943
0.012017,-0.023180,-0.006115,0.003702,-0.005817,-0.000064,0.017722,0.009143,-0.006197,-0.017107,-0.005191,-0.009311,0.005731,-0.009066,-0.016091,0.005745,-0.005860,0.013020,-0.009675,0.007866,-0.001976,0.007765,-0.011118,-0.000497,0.007537,0.003389,-0.001786,0.005457,-0.000652,0.039817,0.003316,-0.002338,-0.003008,-0.006611,0.002974,0.001712,0.005669,0.001537,-0.005611,0.007919,-0.005902,0.001751,-0.003296,0.003628,0.000694,-0.002345,0.007550,0.004048,0.004836,0.005244,0.001362,-0.005037,0.000301,-0.001727,-0.002926,-0.002547,0.003151,0.003704,-0.001822,0.000667,-0.003725,0.000207,0.001287,0.002254,-0.000343,0.000660,-0.000744,0.000632,0.008864,-0.001455,0.007671
-0.016322,-0.085781,0.012053,0.022884,0.015921,0.026286,0.016114,0.034185,0.026068,0.026339,0.004594,-0.022594,0.015164,0.019697,0.027070,0.000896,0.004031,-0.023655,0.003892,-0.011445,-0.006848,-0.007827,0.008628,0.016152,0.008716,0.006466,0.010757,0.002754,-0.019576,0.003316,0.057215,0.008845,0.013034,-0.001007,-0.001775,0.016151,0.008144,0.005431,-0.012213,0.002362,0.002584,0.006352,-0.000902,-0.005226,-0.000446,0.003336,-0.003939,0.013181,-0.000194,0.003952,-0.004593,0.008188,-0.000685,-0.000825,-0.002944,-0.007595,0.004385,-0.002348,0.011073,-0.009557,-0.011621,0.002476,0.003267,-0.001379,0.001676,-0.001981,-0.003733,0.001139,0.009685,0.004117,0.003994
0.003235,-0.011486,-0.006080,-0.001581,0.004154,0.000126,-0.013878,-0.007113,-0.003183,-0.000459,0.005780,-0.010450,0.000815,0.010267,0.001343,-0.004932,-0.009753,-0.007755,0.009775,-0.008237,0.002897,-0.003019,0.008991,-0.005156,0.001316,-0.005501,-0.004452,-0.005210,0.000210,-0.002338,0.008845,0.043736,-0.007792,0.004112,-0.007930,0.001755,0.004415,-0.000602,-0.004642,0.000655,0.002002,0.008150,-0.006718,0.002919,0.008825,0.005869,0.002300,-0.003282,0.000760,0.004375,0.005097,0.011000,-0.000733,-0.006275,0.004966,0.001953,0.000897,-0.009453,0.002836,-0.004800,0.000382,0.002303,0.000389,-0.001242,-0.001212,-0.004010,-0.004631,0.003136,0.003420,0.004566,-0.002497
-0.026366,-0.003790,0.020596,0.003358,0.005358,0.015057,0.000712,0.029435,0.024479,0.017867,-0.006201,-0.010814,0.000758,0.026899,0.016788,-0.011838,0.007110,-0.005133,0.004892,-0.000115,-0.015911,-0.003072,0.011087,0.022433,-0.003934,0.001482,-0.005365,0.010196,-0.013431,-0.003008,0.013034,-0.007792,0.051190,0.004229,-0.008168,0.011597,0.002011,0.003029,0.013875,0.008444,0.008042,-0.003007,0.000028,-0.002515,-0.008399,-0.006317,-0.000279,0.004168,-0.006054,-0.006153,-0.001957,-0.007449,-0.009662,0.008374,0.003536,0.006708,-0.007050,0.002593,0.007826,-0.011657,0.002503,0.009583,-0.000853,-0.000163,0.006927,-0.008393,0.002671,-0.003387,-0.005587,0.003397,0.006029
-0.010416,0.045365,0.002975,0.000209,-0.003426,-0.010507,-0.000125,-0.007407,-0.001992,-0.000365,-0.007561,0.001195,-0.011375,0.009661,0.004528,-0.013742,0.005352,0.005650,0.002941,0.003898,-0.001940,-0.013794,0.008617,-0.002182,-0.000517,-0.000058,-0.005629,-0.001975,0.005253,-0.006611,-0.001007,0.004112,0.004229,0.036999,0.002409,-0.000099,-0.005360,0.002044,0.003891,-0.003983,0.008178,-0.002827,0.004911,-0.001767,0.003761,-0.000925,0.003675,-0.007225,-0.000682,-0.001802,0.000416,0.002053,-0.000189,-0.002739,-0.000584,0.002365,0.004635,-0.000578,-0.001757,0.003011,0.009638,0.002039,-0.000301,-0.000573,-0.003599,0.000820,0.003361,-0.005333,-0.006364,0.001869,-0.002204
-0.008576,0.014216,0.001762,0.003978,-0.001058,-0.001156,-0.003922,-0.022688,-0.003718,0.004141,-0.000627,0.007409,0.004173,-0.009231,0.010557,0.009592,0.012562,-0.006290,-0.004557,0.004265,0.021587,-0.001366,-0.000548,-0.002044,0.005277,0.000965,0.006353,-0.003554,0.002097,0.002974,-0.001775,-0.007930,-0.008168,0.002409,0.041330,-0.002393,-0.005890,-0.004444,-0.007119,0.002797,-0.008724,-0.006025,0.002761,0.001468,0.003195,0.000238,0.001677,0.001722,-0.002288,0.003222,-0.002303,-0.002792,0.003888,-0.003615,-0.000206,-0.007105,0.008134,-0.001750,-0.003290,0.004302,-0.001263,-0.005531,-0.002065,-0.004576,0.002975,0.007727,0.002642,-0.002588,0.001812,-0.006329,-0.001999
0.008025,-0.105798,0.019282,0.010795,0.014383,0.022992,0.002828,0.011302,0.021923,0.030267,0.009766,-0.009395,0.009524,0.023874,0.037932,-0.004193,0.006482,-0.039075,0.021386,-0.006331,0.009951,-0.007393,0.016454,0.015041,0.008693,0.006908,0.015143,-0.010302,-0.017373,0.001712,0.016151,0.001755,0.011597,-0.000099,-0.002393,0.053053,0.004604,-0.003140,-0.010953,0.008639,0.007266,-0.000248,0.004376,-0.004719,-0.000883,-0.004419,0.000765,0.011995,0.007014,-0.002472,-0.007652,0.004604,-0.006012,-0.003633,-0.003320,-0.006116,0.005930,0.000787,0.009330,-0.004219,-0.007491,-0.000083,-0.003296,-0.004630,0.004629,-0.005406,0.000397,-0.000110,0.006891,0.001866,0.004801
0.024890,-0.043495,0.002146,0.004100,0.000879,0.003539,-0.013640,-0.001930,-0.001912,-0.009649,0.002010,-0.003593,-0.001908,-0.002942,-0.000670,0.000700,-0.005138,-0.002060,0.001934,0.005173,0.006773,0.007397,-0.004735,-0.001110,-0.001825,0.004927,0.001210,0.001353,-0.004463,0.005669,0.008144,0.004415,0.002011,-0.005360,-0.005890,0.004604,0.039637,0.005902,-0.001902,0.001125,-0.000232,0.001887,-0.001537,0.001197,-0.002731,-0.004435,-0.000109,0.004698,0.004329,0.003435,0.004212,0.004972,0.002181,0.001127,-0.000263,-0.001959,-0.001243,-0.002204,0.002184,-0.002504,-0.004965,0.002875,0.002613,-0.000093,0.005306,-0.002812,0.000240,0.002816,0.008680,-0.000943,-0.000493
0.015900,-0.051164,-0.039181,0.025046,-0.002438,-0.006527,-0.004727,0.030685,-0.011353,-0.056044,-0.018836,-0.028878,0.006743,-0.034224,-0.035076,0.017784,-0.002315,0.007938,-0.003283,0.003777,-0.005697,0.015999,-0.018767,-0.009266,-0.001158,0.016108,0.001383,0.005655,-0.003263,0.001537,0.005431,-0.000602,0.003029,0.002044,-0.004444,-0.003140,0.005902,0.047966,-0.005194,-0.003873,0.000784,0.012069,-0.000446,-0.000825,0.003919,0.002292,-0.012851,0.008314,0.007538,0.008947,0.008220,-0.008362,0.005534,0.002105,0.001207,-0.001699,-0.005520,0.001287,-0.004470,0.001054,-0.002537,0.004490,0.009791,-0.001599,-0.003880,0.005483,-0.002406,-0.000638,0.008879,-0.000869,0.000979
-0.042091,0.159761,0.033902,-0.021808,-0.017272,-0.021756,-0.000201,-0.014752,-0.018491,0.024585,-0.003419,0.017191,-0.016187,0.022995,0.009167,-0.004277,-0.005971,0.020664,-0.012478,0.006820,-0.020617,-0.003926,0.000933,0.002205,-0.014638,-0.003464,-0.019105,0.009406,0.008883,-0.005611,-0.012213,-0.004642,0.013875,0.003891,-0.007119,-0.010953,-0.001902,-0.005194,0.062634,-0.001758,0.008887,-0.004984,0.007570,0.000933,-0.004060,-0.008401,0.010961,-0.008767,-0.014910,-0.011501,-0.000579,0.003404,-0.015764,0.011687,0.005725,0.010974,-0.011653,0.006642,-0.009114,-0.001371,0.019340,0.007165,-0.002648,0.002523,-0.000483,-0.004187,0.007998,-0.002782,-0.019929,0.002046,0.001521
0.016843,-0.087763,0.005266,0.015296,0.008803,0.021406,-0.007808,0.008218,0.012281,-0.012692,0.010742,-0.011411,0.009072,0.009448,0.017729,0.000272,0.013376,-0.026574,-0.000307,-0.006493,0.001080,-0.005592,0.014035,0.007285,0.004675,-0.003720,0.000729,0.000097,-0.014146,0.007919,0.002362,0.000655,0.008444,-0.003983,0.002797,0.008639,0.001125,-0.003873,-0.001758,0.039932,-0.000379,0.004633,-0.001724,0.008671,-0.000632,-0.002087,0.003039,0.003683,0.001231,-0.003022,0.003487,-0.008614,-0.008483,-0.003375,-0.000396,-0.002431,0.001250,-0.008384,0.005140,-0.002235,-0.000009,0.004977,-0.001311,-0.000824,0.010806,-0.009954,-0.003229,-0.001648,0.005775,0.009416,0.007523
-0.032209,0.054268,0.006082,-0.019976,-0.000040,-0.010716,-0.001372,0.008711,-0.014693,0.000937,0.001127,-0.015975,-0.004636,0.005405,-0.013218,-0.005461,-0.013150,0.001176,0.005144,0.009751,-0.016362,0.006273,0.002945,0.008443,-0.005728,-0.001646,-0.006880,0.007405,-0.001193,-0.005902,0.002584,0.002002,0.008042,0.008178,-0.008724,0.007266,-0.000232,0.000784,0.008887,-0.000379,0.056754,-0.004376,0.000581,-0.000185,0.006648,-0.004327,-0.005968,0.000917,-0.013935,-0.005394,0.000266,-0.009677,-0.009675,0.010808,-0.005169,0.007381,0.003877,0.003796,0.008345,-0.014107,0.003315,0.004639,0.001394,-0.001266,-0.008691,-0.001222,0.000158,0.000447,-0.012383,0.000867,0.001022
-0.005549,-0.035761,-0.026920,0.026713,0.002479,0.004624,-0.011655,0.016124,0.000852,-0.029756,0.004926,-0.024471,0.005903,-0.012407,-0.017800,0.013315,0.000515,0.004916,-0.006264,-0.009654,-0.002090,0.000553,0.004194,-0.006486,0.000638,0.004104,0.001610,-0.008343,-0.000032,0.001751,0.006352,0.008150,-0.003007,-0.002827,-0.006025,-0.000248,0.001887,0.012069,-0.004984,0.004633,-0.004376,0.039548,-0.012842,0.002617,0.005178,0.011152,-0.001795,0.005426,0.006993,0.005495,0.007817,0.001849,-0.001305,-0.000770,0.000404,0.003874,-0.000056,0.002685,-0.002984,0.006846,-0.000355,0.004917,0.000760,0.001052,-0.005434,-0.001748,-0.000966,-0.000893,0.002144,0.003587,0.001337
0.003247,0.014298,0.009557,-0.006113,-0.006836,-0.003538,0.003641,-0.004660,-0.010756,-0.002135,-0.007771,0.005588,-0.000666,0.006616,0.009181,-0.010871,-0.003804,-0.005947,0.005544,-0.003094,0.005821,-0.001128,-0.001725,-0.000634,0.003097,-0.003749,0.007166,0.007079,-0.009846,-0.003296,-0.000902,-0.006718,0.000028,0.004911,0.002761,0.004376,-0.001537,-0.000446,0.007570,-0.001724,0.000581,-0.012842,0.042275,-0.003885,0.001290,-0.013521,-0.001403,-0.002436,0.004493,-0.001610,-0.003883,0.003546,0.002933,-0.007941,-0.005303,-0.009097,0.000760,-0.001776,-0.000509,0.000641,0.004934,-0.005206,0.003225,-0.005506,-0.002457,-0.004336,-0.000638,-0.001770,0.000998,-0.001304,-0.000293
0.008073,-0.015414,-0.003738,-0.001345,0.007250,-0.004296,-0.014796,-0.001840,-0.006567,-0.017263,0.020743,-0.011216,-0.000136,-0.003715,-0.007175,0.009462,-0.002920,-0.007694,-0.007159,0.004143,-0.001242,0.001859,0.001492,0.000365,0.000655,-0.002384,-0.002459,-0.000138,0.007726,0.003628,-0.005226,0.002919,-0.002515,-0.001767,0.001468,-0.004719,0.001197,-0.000825,0.000933,0.008671,-0.000185,0.002617,-0.003885,0.037498,0.004664,0.001574,0.006161,-0.001000,-0.007506,0.000341,0.007173,-0.002497,-0.002768,0.003352,-0.001035,0.003382,0.001751,-0.003970,-0.002148,-0.000191,0.003443,0.005120,-0.000221,-0.004084,-0.001342,-0.003808,-0.004270,0.000361,0.001084,0.007748,0.002388
0.002588,0.013222,-0.008253,-0.012040,-0.008087,-0.006545,-0.000907,-0.021933,-0.013972,-0.018136,0.004392,-0.000651,-0.011578,0.000086,-0.004150,-0.005308,-0.003930,-0.000817,0.001521,-0.000715,0.005970,-0.000328,0.002563,-0.004251,0.005290,-0.001170,0.006724,-0.004224,-0.001648,0.000694,-0.000446,0.008825,-0.008399,0.003761,0.003195,-0.000883,-0.002731,0.003919,-0.004060,-0.000632,0.006648,0.005178,0.001290,0.004664,0.038628,-0.000772,-0.002241,0.003244,-0.002403,-0.003012,-0.000926,-0.001274,-0.003453,0.001909,-0.003202,0.002239,0.004396,-0.002438,-0.000112,-0.001724,-0.001984,-0.000780,0.001208,-0.007695,-0.002707,-0.000739,0.000690,0.000771,-0.001032,-0.000590,-0.001923
-0.005816,0.014022,-0.016584,0.026329,0.002366,0.010079,-0.015133,0.000199,0.003730,-0.011371,0.003352,-0.012346,0.013170,-0.016249,-0.009539,0.012765,0.002595,0.002649,-0.006508,-0.005748,-0.005426,-0.002086,-0.003137,-0.006239,-0.005512,-0.001849,-0.002856,-0.008049,0.008524,-0.002345,0.003336,0.005869,-0.006317,-0.000925,0.000238,-0.004419,-0.004435,0.002292,-0.008401,-0.002087,-0.004327,0.011152,-0.013521,0.001574,-0.000772,0.042291,-0.001612,0.006672,-0.000626,0.004949,0.001893,0.000467,0.001944,-0.001441,0.006269,0.002881,0.000648,0.001132,-0.009836,0.005630,0.005115,0.001021,0.000166,0.001395,-0.002486,0.002007,0.002721,-0.003980,-0.001081,0.006645,-0.000181
-0.008321,0.040400,0.019753,0.009287,-0.000981,0.003442,-0.005675,-0.012310,0.000230,0.015238,0.009867,0.010928,-0.001632,0.024500,0.020478,0.000579,0.003162,0.002338,-0.000044,-0.005829,0.005287,-0.018168,0.006672,0.002850,-0.005179,-0.008624,-0.008640,-0.007921,0.009528,0.007550,-0.003939,0.002300,-0.000279,0.003675,0.001677,0.000765,-0.000109,-0.012851,0.010961,0.003039,-0.005968,-0.001795,-0.001403,0.006161,-0.002241,-0.001612,0.041264,-0.005961,-0.004065,-0.004343,-0.001425,0.011248,-0.009871,-0.002706,0.002917,0.003248,0.002967,-0.001472,-0.006212,0.006784,0.010009,-0.002868,-0.007968,0.002886,0.003140,-0.004453,0.003463,-0.002061,-0.005966,0.007600,0.003186
0.029786,-0.079933,-0.015984,0.014859,0.008560,0.010875,0.000703,0.023106,0.007098,-0.014117,0.003560,-0.016179,0.007002,-0.017108,-0.003163,0.016868,-0.003050,-0.011249,-0.001969,-0.005069,0.002651,0.009593,-0.008624,0.002795,0.005573,0.003992,0.010726,0.003167,-0.013295,0.004048,0.013181,-0.003282,0.004168,-0.007225,0.001722,0.011995,0.004698,0.008314,-0.008767,0.003683,0.000917,0.005426,-0.002436,-0.001000,0.003244,0.006672,-0.005961,0.042801,0.000322,0.001126,0.000873,-0.007966,0.000977,-0.000338,-0.002636,-0.004632,-0.001069,0.001682,0.001230,-0.001728,-0.005969,-0.000762,0.004689,-0.005316,0.000403,-0.002943,-0.003376,-0.001400,0.008992,0.004290,0.003755
0.053323,-0.114067,-0.025767,0.039461,0.014154,0.019354,-0.017725,0.012676,0.013884,-0.030150,-0.015262,-0.008330,0.006977,-0.020033,-0.006701,-0.002020,0.013910,-0.003140,0.008164,-0.003833,0.021200,0.001583,-0.002871,-0.014430,0.005291,0.003892,0.002165,-0.007890,-0.008761,0.004836,-0.000194,0.000760,-0.006054,-0.000682,-0.002288,0.007014,0.004329,0.007538,-0.014910,0.001231,-0.013935,0.006993,0.004493,-0.007506,-0.002403,-0.000626,-0.004065,0.000322,0.053284,0.016994,0.003853,0.001294,0.017473,-0.008515,-0.003786,-0.004803,-0.001048,0.000132,-0.003211,0.013833,-0.014545,0.000628,0.005442,0.004727,-0.004341,0.002207,-0.006224,0.002737,0.014244,-0.009005,-0.001449
0.024178,-0.045812,-0.018608,0.018880,0.006273,0.008478,-0.005249,0.010186,-0.003319,-0.022251,-0.008101,-0.020745,0.012596,-0.012050,-0.017319,0.011672,-0.004469,-0.005276,0.001786,0.004665,0.007162,-0.000549,-0.007227,-0.005514,0.003271,0.000579,0.005826,-0.001477,0.000578,0.005244,0.003952,0.004375,-0.006153,-0.001802,0.003222,-0.002472,0.003435,0.008947,-0.011501,-0.003022,-0.005394,0.005495,-0.001610,0.000341,-0.003012,0.004949,-0.004343,0.001126,0.016994,0.038915,0.008132,-0.003811,0.006080,-0.007874,-0.001929,-0.010008,0.001635,0.000799,0.000249,0.005922,-0.004591,0.002230,0.006934,0.004281,-0.004478,0.006746,-0.003392,0.002875,0.015102,-0.003366,-0.001306
0.017319,-0.024020,-0.018621,0.012583,0.001082,-0.004238,-0.011349,0.001783,-0.009400,-0.030473,-0.005938,-0.005017,-0.006019,-0.020266,-0.021603,0.003854,-0.002042,0.004946,-0.007318,0.002854,-0.000082,0.002196,-0.003589,-0.005655,-0.000769,0.003990,-0.005081,0.000447,0.002522,0.001362,-0.004593,0.005097,-0.001957,0.000416,-0.002303,-0.007652,0.004212,0.008220,-0.000579,0.003487,0.000266,0.007817,-0.003883,0.007173,-0.000926,0.001893,-0.001425,0.000873,0.003853,0.008132,0.032282,-0.005314,0.006274,0.003119,-0.003350,-0.005646,-0.000764,0.001030,0.001066,0.001992,-0.003518,0.000485,-0.000188,-0.000337,0.000597,0.001018,0.000956,-0.001352,0.003713,-0.000972,0.005419
0.006272,-0.003021,0.020413,0.012171,0.010959,0.004447,-0.010934,-0.011507,0.016285,0.032379,0.012591,0.020849,0.001801,0.013919,0.034226,-0.004937,-0.005799,-0.013072,0.011926,-0.015942,0.015685,-0.017908,0.009673,0.001599,0.001745,-0.005772,-0.001031,-0.014904,0.006405,-0.005037,0.008188,0.011000,-0.007449,0.002053,-0.002792,0.004604,0.004972,-0.008362,0.003404,-0.008614,-0.009677,0.001849,0.003546,-0.002497,-0.001274,0.000467,0.011248,-0.007966,0.001294,-0.003811,-0.005314,0.045813,-0.004502,-0.008967,0.006122,-0.001447,-0.002700,-0.003470,-0.006441,0.004084,-0.001727,-0.008119,-0.007958,0.002888,-0.001506,-0.002283,0.000397,0.000343,-0.001799,0.004263,-0.007099
0.040025,-0.041277,-0.019267,0.005156,0.007484,-0.003625,-0.000414,-0.003681,-0.000209,-0.014570,-0.009578,0.002160,0.001320,-0.027753,-0.021253,0.005634,0.006282,0.011115,-0.007038,0.003383,0.013239,0.012912,-0.011023,-0.011218,0.003261,0.003927,0.000971,0.004764,-0.003705,0.000301,-0.000685,-0.000733,-0.009662,-0.000189,0.003888,-0.006012,0.002181,0.005534,-0.015764,-0.008483,-0.009675,-0.001305,0.002933,-0.002768,-0.003453,0.001944,-0.009871,0.000977,0.017473,0.006080,0.006274,-0.004502,0.040758,0.001797,-0.005830,-0.002101,0.004362,0.000103,0.000648,0.002619,-0.011859,-0.003486,0.006220,-0.001378,-0.005593,0.002995,-0.004601,0.002115,0.006778,-0.010521,-0.003695
-0.049573,0.072001,0.002507,-0.004994,-0.002239,0.004069,0.011792,0.004787,-0.000469,0.011020,0.006210,-0.002989,-0.009966,0.007191,-0.009242,0.007079,0.003398,0.019320,-0.012939,0.011540,-0.014258,0.009218,0.001898,0.002000,-0.003673,0.006930,-0.004046,0.006942,0.008000,-0.001727,-0.000825,-0.006275,0.008374,-0.002739,-0.003615,-0.003633,0.001127,0.002105,0.011687,-0.003375,0.010808,-0.000770,-0.007941,0.003352,0.001909,-0.001441,-0.002706,-0.000338,-0.008515,-0.007874,0.003119,-0.008967,0.001797,0.041145,-0.004878,0.009931,0.005101,0.008711,0.008130,0.000450,-0.003094,0.009078,0.002743,0.000855,-0.000597,0.000258,0.000388,0.002573,-0.015074,0.000150,0.002500
-0.019121,0.022981,0.002084,0.012385,-0.000389,0.006473,-0.001313,0.011070,0.011924,0.004237,-0.001942,0.001510,0.000758,0.001206,0.006260,0.002013,0.001647,0.004366,-0.000422,-0.001339,-0.007921,-0.005290,0.000417,-0.003710,-0.003990,-0.000932,-0.006880,0.000476,0.005270,-0.002926,-0.002944,0.004966,0.003536,-0.000584,-0.000206,-0.003320,-0.000263,0.001207,0.005725,-0.000396,-0.005169,0.000404,-0.005303,-0.001035,-0.003202,0.006269,0.002917,-0.002636,-0.003786,-0.001929,-0.003350,0.006122,-0.005830,-0.004878,0.026491,0.006977,-0.004591,-0.001455,-0.006257,-0.000672,0.005907,-0.000117,-0.003298,0.002056,0.003169,-0.004353,0.000880,-0.004677,-0.008315,0.004828,0.001913
-0.037929,0.077574,0.000939,-0.001722,-0.013277,-0.006513,-0.000356,0.002948,-0.007084,-0.003963,-0.000395,-0.004196,-0.005002,0.009621,-0.013121,-0.005631,-0.001413,0.023745,-0.003628,0.003771,-0.013967,-0.002348,0.003891,-0.005371,-0.004698,-0.004328,-0.011027,0.004861,0.011142,-0.002547,-0.007595,0.001953,0.006708,0.002365,-0.007105,-0.006116,-0.001959,-0.001699,0.010974,-0.002431,0.007381,0.003874,-0.009097,0.003382,0.002239,0.002881,0.003248,-0.004632,-0.004803,-0.010008,-0.005646,-0.001447,-0.002101,0.009931,0.006977,0.040255,-0.001284,0.003499,-0.002999,0.001204,0.007600,0.008401,-0.005297,0.004683,-0.005753,-0.004380,0.002841,-0.000801,-0.018085,0.001015,-0.003661
-0.016735,0.006093,-0.005117,0.000008,-0.005067,0.002535,0.013298,-0.012076,-0.000732,0.011275,0.007111,-0.007399,0.005599,0.010908,0.007143,0.000212,0.004559,-0.005217,0.000696,0.003716,0.001796,-0.007752,0.007193,0.003700,0.007026,0.000649,0.001552,0.000667,-0.002608,0.003151,0.004385,0.000897,-0.007050,0.004635,0.008134,0.005930,-0.001243,-0.005520,-0.011653,0.001250,0.003877,-0.000056,0.000760,0.001751,0.004396,0.000648,0.002967,-0.001069,-0.001048,0.001635,-0.000764,-0.002700,0.004362,0.005101,-0.004591,-0.001284,0.033293,0.001660,0.008882,0.001864,0.002299,-0.002374,-0.000768,-0.000709,0.000476,0.001562,0.002262,-0.001392,0.001562,-0.002984,0.001001
-0.039216,0.063236,-0.002145,-0.002264,-0.011109,-0.005878,0.008480,0.010749,-0.005570,0.006560,-0.003963,-0.005604,-0.003608,0.001587,-0.009627,0.003876,0.001163,0.019673,-0.010114,0.013572,-0.006868,-0.000483,-0.004262,-0.003587,0.001111,0.009365,-0.003346,0.000450,0.005064,0.003704,-0.002348,-0.009453,0.002593,-0.000578,-0.001750,0.000787,-0.002204,0.001287,0.006642,-0.008384,0.003796,0.002685,-0.001776,-0.003970,-0.002438,0.001132,-0.001472,0.001682,0.000132,0.000799,0.001030,-0.003470,0.000103,0.008711,-0.001455,0.003499,0.001660,0.029678,-0.001691,-0.001551,0.000534,0.002000,0.000188,0.001431,-0.010051,0.003868,0.000306,0.000399,-0.004982,-0.006622,-0.001380
-0.018593,-0.035521,0.012696,-0.013360,0.004738,0.017284,0.015722,0.003809,0.014386,0.030522,0.005511,0.004683,0.001406,0.023018,0.014228,-0.009634,0.003402,-0.016998,0.011540,0.004747,-0.006807,-0.000376,0.011384,0.018195,0.008855,0.003515,0.008217,0.000948,-0.012251,-0.001822,0.011073,0.002836,0.007826,-0.001757,-0.003290,0.009330,0.002184,-0.004470,-0.009114,0.005140,0.008345,-0.002984,-0.000509,-0.002148,-0.000112,-0.009836,-0.006212,0.001230,-0.003211,0.000249,0.001066,-0.006441,0.000648,0.008130,-0.006257,-0.002999,0.008882,-0.001691,0.041783,-0.006848,-0.008345,0.008018,0.002312,0.001300,0.008500,-0.000086,-0.002022,0.005179,0.001781,0.000862,0.003920
