0.490625,0.333715,-1.340972,-0.036032,-0.029643,0.923091,-0.720786,0.449534,0.292547,-0.291664,0.444388,-0.403704,0.200222,-0.201272,-0.342757,-0.028121,0.073749,-0.461770,-0.345576,0.238857,0.166963,-0.375217,-0.429099,0.413403,-0.103564,0.384460,-0.011727,-0.157402,0.008842,-0.091911,0.136961,0.115043,-0.031529,-0.229700,0.335803,0.126809,0.047203,-0.042183,0.262601,-0.173360,-0.091084,-0.174973,-0.427283,-0.173700,0.128180,0.259352,-0.012503,-0.240030,-0.327309,-0.162782,-0.013535,0.054014,-0.051364,-0.087439,-0.449101,-0.243907,0.142143,0.122382,-0.076383,0.421372,-0.068409,0.269922,-0.124982,-0.233821,-0.047023,0.566511,0.012982,-0.161351,-0.019929,-0.113788,0.018475
0.333715,0.931377,0.509450,0.144174,0.428212,0.927304,0.010526,0.211398,0.196871,-0.028480,0.051268,0.119352,0.012853,-0.189968,-0.032258,0.105382,0.022445,-0.370832,-0.600214,0.115995,-0.166850,0.106293,0.075335,0.410070,-0.195245,0.337151,0.496902,-0.133225,-0.124534,-0.077603,-0.296953,0.005739,-0.281587,-0.311109,0.103036,0.089961,-0.031063,-0.081898,-0.192285,0.205065,-0.124919,-0.042343,-0.101832,-0.390427,0.042750,0.214713,-0.099991,-0.163435,0.118087,-0.011049,-0.016301,-0.083967,0.204816,-0.098019,0.104002,-0.069441,0.255408,0.090768,0.310466,-0.014178,0.143767,0.165339,-0.013396,0.020546,-0.272603,0.114720,-0.146816,-0.086514,-0.103597,-0.317435,0.229493
-1.340972,0.509450,6.541366,0.439393,0.987010,-1.920585,2.983876,-1.420582,-0.804678,1.141270,-1.722962,1.900464,-0.796993,0.443461,1.343641,0.328500,-0.257778,1.148752,0.207717,-0.747400,-1.023366,1.756990,1.915910,-0.870674,0.031197,-0.899038,1.052153,0.377792,-0.287952,0.220984,-1.162915,-0.461262,-0.439334,0.315554,-1.172055,-0.339460,-0.256775,0.007912,-1.467853,1.126871,0.121989,0.633630,1.550495,-0.074879,-0.440479,-0.632188,-0.150632,0.656374,1.583907,0.646753,0.022699,-0.391660,0.624935,0.161357,2.056044,0.862216,-0.068212,-0.319630,0.941224,-1.760587,0.571651,-0.775391,0.486641,1.002575,-0.357498,-2.096718,-0.349990,0.488397,-0.127398,-0.173657,0.387736
-0.036032,0.144174,0.439393,0.043412,0.109641,0.003821,0.173073,-0.055703,-0.022039,0.062187,-0.092863,0.124127,-0.044296,0.002096,0.073371,0.031910,-0.012071,0.020388,-0.062080,-0.028718,-0.079494,0.114257,0.119587,0.000460,-0.022288,-0.010167,0.121864,0.005315,-0.031938,0.003149,-0.103576,-0.025846,-0.060026,-0.020210,-0.054763,-0.008445,-0.018614,-0.009647,-0.108219,0.090166,-0.008386,0.031253,0.076697,-0.052470,-0.020084,-0.009908,-0.021005,0.017626,0.105748,0.035869,-0.000704,-0.032904,0.061240,-0.002802,0.131190,0.041070,0.027578,-0.007204,0.092480,-0.103102,0.050642,-0.024243,0.026362,0.060250,-0.054206,-0.106552,-0.038258,0.017444,-0.020113,-0.049153,0.050629
-0.029643,0.428212,0.987010,0.109641,0.287752,0.134658,0.362799,-0.087424,-0.019121,0.125950,-0.186886,0.275472,-0.090729,-0.021575,0.148786,0.081022,-0.022137,-0.008091,-0.211612,-0.044114,-0.188770,0.253080,0.259979,0.056981,-0.073208,0.024830,0.322323,-0.007103,-0.083697,-0.004027,-0.256824,-0.053180,-0.163796,-0.084698,-0.100264,-0.005343,-0.043107,-0.031330,-0.252221,0.216274,-0.034575,0.059470,0.146225,-0.162890,-0.036093,0.008644,-0.057517,0.014474,0.236924,0.073382,-0.003697,-0.080172,0.155845,-0.019240,0.288122,0.076264,0.092472,-0.002641,0.235504,-0.217204,0.125377,-0.028029,0.053212,0.128604,-0.150419,-0.206799,-0.099936,0.024603,-0.056146,-0.145993,0.137061
0.923091,0.927304,-1.920585,0.003821,0.134658,1.865285,-1.144182,0.806182,0.549834,-0.476898,0.729960,-0.592649,0.324536,-0.401444,-0.559924,-0.000049,0.127062,-0.893405,-0.805675,0.429918,0.195199,-0.552798,-0.651816,0.832995,-0.247978,0.755896,0.192387,-0.307430,-0.038810,-0.179434,0.092122,0.185773,-0.169857,-0.498207,0.578907,0.240299,0.062028,-0.102012,0.336806,-0.189161,-0.198217,-0.296825,-0.724181,-0.442657,0.222430,0.504512,-0.062400,-0.451939,-0.471443,-0.264105,-0.028495,0.050410,0.005148,-0.180981,-0.671515,-0.418190,0.335014,0.233586,0.010156,0.665480,-0.047948,0.500385,-0.204863,-0.363893,-0.190733,0.951531,-0.041677,-0.293880,-0.075765,-0.316175,0.126927
-0.720786,0.010526,2.983876,0.173073,0.362799,-1.144182,1.416740,-0.728199,-0.431680,0.549837,-0.832141,0.874085,-0.382221,0.258180,0.647018,0.129992,-0.128177,0.638611,0.248185,-0.384310,-0.445146,0.809105,0.892387,-0.516134,0.063435,-0.511473,0.376681,0.212826,-0.105941,0.124409,-0.479126,-0.220788,-0.138841,0.227506,-0.583035,-0.183828,-0.114381,0.024148,-0.650197,0.484857,0.089108,0.311872,0.762709,0.061573,-0.220118,-0.354092,-0.046746,0.352830,0.723857,0.310323,0.014852,-0.165359,0.246215,0.101134,0.951895,0.427325,-0.096014,-0.174598,0.370333,-0.833744,0.236071,-0.409904,0.234764,0.471675,-0.102159,-1.025681,-0.129898,0.253799,-0.034799,-0.003571,0.127269
0.449534,0.211398,-1.420582,-0.055703,-0.087424,0.806182,-0.728199,0.425205,0.268530,-0.290265,0.441198,-0.423100,0.200161,-0.177423,-0.341275,-0.042514,0.071347,-0.415789,-0.267808,0.225259,0.190770,-0.392621,-0.442792,0.361747,-0.078193,0.342360,-0.078588,-0.140812,0.025647,-0.082249,0.177999,0.115230,0.006043,-0.189812,0.324753,0.115778,0.051769,-0.031530,0.290622,-0.202355,-0.075058,-0.170740,-0.417157,-0.122688,0.123503,0.232661,0.000827,-0.220068,-0.345899,-0.162653,-0.011458,0.065745,-0.079310,-0.074997,-0.466812,-0.236606,0.109010,0.111205,-0.118732,0.426783,-0.088295,0.249954,-0.124222,-0.238528,-0.010788,0.555812,0.032816,-0.151070,-0.006176,-0.072085,-0.012205
0.292547,0.196871,-0.804678,-0.022039,-0.019121,0.549834,-0.431680,0.268530,0.174897,-0.174574,0.265960,-0.242142,0.119863,-0.119925,-0.205159,-0.017177,0.044093,-0.275348,-0.205031,0.142670,0.100520,-0.225040,-0.257209,0.246258,-0.061396,0.229158,-0.008611,-0.093835,0.005693,-0.054793,0.082969,0.068876,-0.017981,-0.136563,0.200768,0.075653,0.028367,-0.024999,0.157875,-0.104473,-0.054147,-0.104648,-0.255556,-0.102773,0.076625,0.154628,-0.007168,-0.143221,-0.196389,-0.097448,-0.008054,0.032615,-0.031415,-0.052050,-0.269279,-0.145843,0.084307,0.072999,-0.046735,0.252386,-0.041427,0.161116,-0.074803,-0.140091,-0.027288,0.338892,0.008244,-0.096349,-0.011603,-0.067128,0.010330
-0.291664,-0.028480,1.141270,0.062187,0.125950,-0.476898,0.549837,-0.290265,-0.174574,0.214915,-0.325040,0.335365,-0.148924,0.106936,0.252464,0.046809,-0.050576,0.261042,0.117404,-0.153344,-0.167081,0.310580,0.344014,-0.214838,0.031472,-0.210477,0.128940,0.087333,-0.036797,0.051041,-0.175729,-0.085966,-0.044083,0.099258,-0.230085,-0.074555,-0.043345,0.012245,-0.245844,0.181170,0.038984,0.122628,0.299838,0.037576,-0.087001,-0.145059,-0.014661,0.142774,0.277053,0.120932,0.006340,-0.061297,0.088478,0.042715,0.366127,0.168424,-0.046231,-0.070998,0.132996,-0.323373,0.086673,-0.165012,0.091663,0.182504,-0.030148,-0.402441,-0.045323,0.101615,-0.009894,0.009717,0.041410
0.444388,0.051268,-1.722962,-0.092863,-0.186886,0.729960,-0.832141,0.441198,0.265960,-0.325040,0.492764,-0.506562,0.225524,-0.163523,-0.382412,-0.069927,0.076748,-0.398363,-0.182964,0.233117,0.251431,-0.469162,-0.520040,0.328773,-0.049347,0.321532,-0.190809,-0.133355,0.054604,-0.077936,0.263381,0.130169,0.064256,-0.152964,0.349160,0.113635,0.065335,-0.019252,0.370424,-0.272422,-0.060101,-0.185981,-0.454727,-0.060297,0.132059,0.221442,0.021314,-0.217536,-0.418312,-0.183140,-0.009739,0.092043,-0.132125,-0.065512,-0.553258,-0.255535,0.072214,0.108258,-0.198582,0.489334,-0.129928,0.251211,-0.138859,-0.276058,0.043242,0.610140,0.067315,-0.154563,0.014067,-0.017490,-0.060667
-0.403704,0.119352,1.900464,0.124127,0.275472,-0.592649,0.874085,-0.423100,-0.242142,0.335365,-0.506562,0.553425,-0.233972,0.136066,0.394791,0.092878,-0.076264,0.348567,0.080175,-0.222756,-0.294531,0.511467,0.559034,-0.268339,0.015421,-0.274306,0.292353,0.114996,-0.080379,0.067255,-0.331242,-0.135357,-0.119691,0.102478,-0.346784,-0.102372,-0.074249,0.004952,-0.423970,0.323634,0.039766,0.187047,0.457647,-0.009387,-0.130457,-0.192168,-0.040927,0.197606,0.460366,0.189886,0.007176,-0.112075,0.176550,0.050438,0.599179,0.254906,-0.028204,-0.096587,0.265841,-0.515484,0.162898,-0.232546,0.143041,0.293143,-0.095998,-0.618132,-0.097843,0.145907,-0.034002,-0.040681,0.106245
0.200222,0.012853,-0.796993,-0.044296,-0.090729,0.324536,-0.382221,0.200161,0.119863,-0.148924,0.225524,-0.233972,0.103741,-0.072905,-0.175224,-0.033319,0.034983,-0.178662,-0.077123,0.105711,0.117367,-0.216649,-0.239655,0.146258,-0.020418,0.143770,-0.093319,-0.059704,0.026503,-0.034896,0.124348,0.059705,0.032737,-0.066666,0.159144,0.051146,0.030357,-0.007900,0.172298,-0.127444,-0.026163,-0.084912,-0.207631,-0.023205,0.060148,0.099216,0.010935,-0.098011,-0.193435,-0.083967,-0.004285,0.043228,-0.063020,-0.028956,-0.255238,-0.116539,0.030227,0.048668,-0.094748,0.224854,-0.061311,0.113452,-0.063607,-0.126996,0.022985,0.278845,0.032595,-0.069979,0.007649,-0.004387,-0.030491
-0.201272,-0.189968,0.443461,0.002096,-0.021575,-0.401444,0.258180,-0.177423,-0.119925,0.106936,-0.163523,0.136066,-0.072905,0.086945,0.125577,0.002173,-0.028187,0.193818,0.169333,-0.094549,-0.047432,0.126813,0.148502,-0.179393,0.051903,-0.163506,-0.033182,0.066579,0.006195,0.038863,-0.026861,-0.041766,0.032519,0.105942,-0.128405,-0.052332,-0.014622,0.021319,-0.079880,0.046854,0.042127,0.066053,0.161183,0.091791,-0.049271,-0.109341,0.012017,0.098540,0.108713,0.059318,0.006090,-0.013088,0.003041,0.038793,0.153531,0.092859,-0.070292,-0.050802,0.004079,-0.150328,0.013760,-0.109424,0.045913,0.082464,0.037410,-0.212176,0.006385,0.064483,0.014957,0.064772,-0.023909
-0.342757,-0.032258,1.343641,0.073371,0.148786,-0.559924,0.647018,-0.341275,-0.205159,0.252464,-0.382412,0.394791,-0.175224,0.125577,0.297369,0.055223,-0.059483,0.306673,0.137343,-0.180286,-0.196832,0.365608,0.404909,-0.252251,0.036770,-0.247217,0.152396,0.102587,-0.043467,0.059957,-0.207184,-0.101151,-0.052253,0.116379,-0.270607,-0.087609,-0.051047,0.014299,-0.289548,0.213463,0.045705,0.144242,0.352687,0.043690,-0.102318,-0.170404,-0.017386,0.167785,0.326172,0.142288,0.007438,-0.072242,0.104390,0.050131,0.430969,0.198094,-0.054057,-0.083423,0.156918,-0.380539,0.102184,-0.193950,0.107844,0.214784,-0.035843,-0.473405,-0.053531,0.119456,-0.011782,0.011006,0.049037
-0.028121,0.105382,0.328500,0.031910,0.081022,-0.000049,0.129992,-0.042514,-0.017177,0.046809,-0.069927,0.092878,-0.033319,0.002173,0.055223,0.023975,-0.009139,0.016485,-0.044749,-0.021940,-0.059196,0.085504,0.089605,-0.000946,-0.016130,-0.008700,0.089988,0.004413,-0.023602,0.002610,-0.076879,-0.019435,-0.044209,-0.014204,-0.041466,-0.006628,-0.013886,-0.006989,-0.080697,0.067094,-0.005907,0.023613,0.057941,-0.038190,-0.015223,-0.008120,-0.015466,0.013757,0.079074,0.026982,-0.000478,-0.024456,0.045363,-0.001796,0.098232,0.031074,0.019914,-0.005698,0.068500,-0.077413,0.037594,-0.018733,0.019848,0.045200,-0.039865,-0.080411,-0.028280,0.013378,-0.014784,-0.035928,0.037314
0.073749,0.022445,-0.257778,-0.012071,-0.022137,0.127062,-0.128177,0.071347,0.044093,-0.050576,0.076748,-0.076264,0.034983,-0.028187,-0.059483,-0.009139,0.012521,-0.067230,-0.037591,0.037765,0.036173,-0.070699,-0.079030,0.057110,-0.010659,0.054855,-0.021669,-0.022648,0.006477,-0.013232,0.035985,0.020166,0.005513,-0.028450,0.055460,0.018931,0.009592,-0.004248,0.054128,-0.038814,-0.011220,-0.029345,-0.071723,-0.015396,0.021035,0.037506,0.001726,-0.036103,-0.062673,-0.028418,-0.001757,0.012885,-0.017180,-0.011634,-0.083705,-0.040496,0.015126,0.018114,-0.025780,0.075249,-0.017794,0.041326,-0.021625,-0.042256,0.002413,0.095893,0.008089,-0.025189,0.000552,-0.007654,-0.005773
-0.461770,-0.370832,1.148752,0.020388,-0.008091,-0.893405,0.638611,-0.415789,-0.275348,0.261042,-0.398363,0.348567,-0.178662,0.193818,0.306673,0.016485,-0.067230,0.439781,0.354786,-0.221221,-0.134724,0.324343,0.374632,-0.399690,0.107559,-0.368156,-0.029502,0.150341,0.002157,0.087772,-0.097659,-0.102524,0.050585,0.228767,-0.306187,-0.119726,-0.039382,0.044000,-0.217529,0.137331,0.090839,0.158630,0.387249,0.185455,-0.117151,-0.247331,0.019123,0.226071,0.280894,0.145302,0.013317,-0.041176,0.029120,0.085445,0.390075,0.221962,-0.146616,-0.115863,0.042831,-0.372688,0.049145,-0.252744,0.111956,0.205788,0.063610,-0.511803,0.000273,0.150093,0.026000,0.126442,-0.034821
-0.345576,-0.600214,0.207717,-0.062080,-0.211612,-0.805675,0.248185,-0.267808,-0.205031,0.117404,-0.182964,0.080175,-0.077123,0.169333,0.137343,-0.044749,-0.037591,0.354786,0.433174,-0.144201,0.027764,0.076921,0.111935,-0.358112,0.137686,-0.310116,-0.253535,0.124471,0.061464,0.072583,0.105785,-0.043460,0.157108,0.242152,-0.171596,-0.091272,-0.000503,0.057311,0.007298,-0.045329,0.096828,0.083529,0.203164,0.263576,-0.067274,-0.202602,0.056249,0.169213,0.053947,0.063012,0.013216,0.024532,-0.088130,0.081596,0.104109,0.121838,-0.182458,-0.090132,-0.134109,-0.140928,-0.050475,-0.180720,0.050927,0.071627,0.157902,-0.258841,0.071561,0.101640,0.060732,0.204644,-0.125502
0.238857,0.115995,-0.747400,-0.028718,-0.044114,0.429918,-0.384310,0.225259,0.142670,-0.153344,0.233117,-0.222756,0.105711,-0.094549,-0.180286,-0.021940,0.037765,-0.221221,-0.144201,0.119780,0.099902,-0.206730,-0.233358,0.192883,-0.042198,0.182304,-0.039124,-0.074956,0.012947,-0.043781,0.092544,0.060848,0.001854,-0.101662,0.171901,0.061537,0.027178,-0.017030,0.152485,-0.105835,-0.040210,-0.090321,-0.220668,-0.066609,0.065391,0.123822,-0.000037,-0.116932,-0.182014,-0.085904,-0.006125,0.034304,-0.040891,-0.040050,-0.245901,-0.125216,0.058749,0.059127,-0.061198,0.225199,-0.045923,0.132715,-0.065631,-0.125803,-0.006986,0.293914,0.016625,-0.080148,-0.003751,-0.039553,-0.005354
0.166963,-0.166850,-1.023366,-0.079494,-0.188770,0.195199,-0.445146,0.190770,0.100520,-0.167081,0.251431,-0.294531,0.117367,-0.047432,-0.196832,-0.059196,0.036173,-0.134724,0.027764,0.099902,0.168962,-0.271900,-0.292527,0.089499,0.014445,0.100850,-0.205181,-0.043205,0.055033,-0.025304,0.202119,0.068093,0.092919,-0.016551,0.164374,0.041730,0.041255,0.006829,0.237272,-0.187771,-0.005944,-0.090169,-0.220818,0.049315,0.061381,0.073103,0.032195,-0.081716,-0.247292,-0.095182,-0.001785,0.066503,-0.113039,-0.014433,-0.316187,-0.121542,-0.014817,0.038699,-0.170443,0.263430,-0.099139,0.099244,-0.071121,-0.151231,0.079861,0.300857,0.066446,-0.064234,0.029090,0.056881,-0.080147
-0.375217,0.106293,1.756990,0.114257,0.253080,-0.552798,0.809105,-0.392621,-0.225040,0.310580,-0.469162,0.511467,-0.216649,0.126813,0.365608,0.085504,-0.070699,0.324343,0.076921,-0.206730,-0.271900,0.473326,0.517166,-0.250251,0.015155,-0.255447,0.268397,0.107053,-0.073847,0.062608,-0.305298,-0.125328,-0.109531,0.096266,-0.321486,-0.095172,-0.068593,0.004953,-0.391609,0.298669,0.037375,0.173342,0.424108,-0.006932,-0.120958,-0.178859,-0.037436,0.183663,0.425635,0.175830,0.006716,-0.103372,0.162512,0.047133,0.554199,0.236282,-0.027259,-0.089820,0.244694,-0.477126,0.150150,-0.216015,0.132475,0.271274,-0.087639,-0.572729,-0.089913,0.135457,-0.031010,-0.036230,0.097319
-0.429099,0.075335,1.915910,0.119587,0.259979,-0.651816,0.892387,-0.442792,-0.257209,0.344014,-0.520040,0.559034,-0.239655,0.148502,0.404909,0.089605,-0.079030,0.374632,0.111935,-0.233358,-0.292527,0.517166,0.567640,-0.294638,0.025523,-0.297085,0.273786,0.124140,-0.075879,0.072587,-0.323518,-0.138560,-0.108179,0.120253,-0.359410,-0.109078,-0.074294,0.009157,-0.423481,0.320345,0.046874,0.193195,0.472601,0.009947,-0.135407,-0.207051,-0.036805,0.210041,0.464374,0.194529,0.008146,-0.110288,0.170105,0.056429,0.606881,0.263871,-0.041591,-0.103209,0.256032,-0.525878,0.159214,-0.245828,0.146792,0.298430,-0.084425,-0.637188,-0.092604,0.153379,-0.029551,-0.025674,0.097051
0.413403,0.410070,-0.870674,0.000460,0.056981,0.832995,-0.516134,0.361747,0.246258,-0.214838,0.328773,-0.268339,0.146258,-0.179393,-0.252251,-0.000946,0.057110,-0.399690,-0.358112,0.192883,0.089499,-0.250251,-0.294638,0.372433,-0.110131,0.337966,0.082416,-0.137488,-0.016413,-0.080248,0.044150,0.083736,-0.074141,-0.221973,0.260193,0.107590,0.028248,-0.045291,0.153589,-0.087111,-0.088304,-0.133501,-0.325724,-0.196224,0.099944,0.225661,-0.027267,-0.202399,-0.213662,-0.119018,-0.012709,0.023471,0.000527,-0.080766,-0.303774,-0.188001,0.148858,0.104555,0.001861,0.300265,-0.022885,0.224232,-0.092279,-0.164301,-0.083635,0.428149,-0.017511,-0.131786,-0.033264,-0.139818,0.055235
-0.103564,-0.195245,0.031197,-0.022288,-0.073208,-0.247978,0.063435,-0.078193,-0.061396,0.031472,-0.049347,0.015421,-0.020418,0.051903,0.036770,-0.016130,-0.010659,0.107559,0.137686,-0.042198,0.014445,0.015155,0.025523,-0.110131,0.044320,-0.094585,-0.087005,0.037872,0.021270,0.022081,0.040222,-0.011440,0.052763,0.075949,-0.048684,-0.027433,0.001229,0.018337,0.010288,-0.020638,0.030392,0.023357,0.056759,0.084933,-0.019190,-0.061551,0.018854,0.050712,0.008724,0.016706,0.004115,0.009988,-0.031647,0.025294,0.022255,0.034404,-0.058144,-0.027175,-0.048105,-0.035662,-0.019283,-0.053758,0.013697,0.017542,0.052574,-0.071657,0.024845,0.029951,0.020166,0.066569,-0.042348
0.384460,0.337151,-0.899038,-0.010167,0.024830,0.755896,-0.511473,0.342360,0.229158,-0.210477,0.321532,-0.274306,0.143770,-0.163506,-0.247217,-0.008700,0.054855,-0.368156,-0.310116,0.182304,0.100850,-0.255447,-0.297085,0.337966,-0.094585,0.309898,0.044936,-0.126224,-0.007064,-0.073684,0.065565,0.082431,-0.052613,-0.196712,0.249860,0.099828,0.030239,-0.038780,0.166138,-0.101302,-0.078170,-0.128975,-0.314789,-0.165390,0.095742,0.207464,-0.019613,-0.188225,-0.220112,-0.116951,-0.011374,0.029411,-0.014569,-0.072693,-0.308237,-0.180904,0.128472,0.096766,-0.021034,0.298147,-0.033237,0.209688,-0.090320,-0.164084,-0.062669,0.415186,-0.006509,-0.124023,-0.025280,-0.114957,0.037744
-0.011727,0.496902,1.052153,0.121864,0.322323,0.192387,0.376681,-0.078588,-0.008611,0.128940,-0.190809,0.292353,-0.093319,-0.033182,0.152396,0.089988,-0.021669,-0.029502,-0.253535,-0.039124,-0.205181,0.268397,0.273786,0.082416,-0.087005,0.044936,0.362749,-0.014948,-0.093852,-0.008593,-0.283135,-0.054800,-0.185826,-0.105513,-0.098068,-0.000416,-0.046454,-0.037140,-0.272403,0.235868,-0.042954,0.059236,0.145780,-0.191084,-0.034981,0.021186,-0.065316,0.005698,0.252322,0.075440,-0.004760,-0.087888,0.173212,-0.025526,0.304592,0.075102,0.110400,0.002430,0.261803,-0.225963,0.138153,-0.019641,0.054398,0.134482,-0.171447,-0.207838,-0.111955,0.020578,-0.064101,-0.169412,0.155146
-0.157402,-0.133225,0.377792,0.005315,-0.007103,-0.307430,0.212826,-0.140812,-0.093835,0.087333,-0.133355,0.114996,-0.059704,0.066579,0.102587,0.004413,-0.022648,0.150341,0.124471,-0.074956,-0.043205,0.107053,0.124140,-0.137488,0.037872,-0.126224,-0.014948,0.051832,0.002000,0.030064,-0.029508,-0.034244,0.019763,0.079479,-0.103153,-0.040846,-0.012812,0.015514,-0.070553,0.043681,0.031574,0.053328,0.130169,0.065853,-0.039502,-0.084677,0.007405,0.077061,0.092445,0.048562,0.004608,-0.012866,0.007603,0.029498,0.128994,0.074724,-0.051514,-0.039566,0.011088,-0.124121,0.014908,-0.085974,0.037467,0.068405,0.024014,-0.171832,0.001601,0.050936,0.009735,0.045425,-0.013971
0.008842,-0.124534,-0.287952,-0.031938,-0.083697,-0.038810,-0.105941,0.025647,0.005693,-0.036797,0.054604,-0.080379,0.026503,0.006195,-0.043467,-0.023602,0.006477,0.002157,0.061464,0.012947,0.055033,-0.073847,-0.075879,-0.016413,0.021270,-0.007064,-0.093852,0.002000,0.024706,0.001133,0.074835,0.015533,0.047677,0.024562,0.029337,0.001610,0.012571,0.009104,0.073549,-0.063044,0.010028,-0.017390,-0.042758,0.047352,0.010564,-0.002405,0.016741,-0.004317,-0.069123,-0.021436,0.001071,0.023366,-0.045397,0.005564,-0.084082,-0.022310,-0.026863,0.000822,-0.068602,0.063422,-0.036534,0.008277,-0.015547,-0.037544,0.043775,0.060455,0.029103,-0.007233,0.016339,0.042458,-0.039898
-0.091911,-0.077603,0.220984,0.003149,-0.004027,-0.179434,0.124409,-0.082249,-0.054793,0.051041,-0.077936,0.067255,-0.034896,0.038863,0.059957,0.002610,-0.013232,0.087772,0.072583,-0.043781,-0.025304,0.062608,0.072587,-0.080248,0.022081,-0.073684,-0.008593,0.030064,0.001133,0.017885,-0.017336,-0.020015,0.011470,0.046368,-0.060267,-0.023850,-0.007498,0.009044,-0.041298,0.025593,0.018420,0.031160,0.076060,0.038380,-0.023078,-0.049435,0.004299,0.044998,0.054072,0.028383,0.002689,-0.007545,0.004504,0.017214,0.075433,0.043659,-0.030037,-0.023101,0.006572,-0.072558,0.008756,-0.050207,0.021897,0.039992,0.013957,-0.100409,0.000893,0.029749,0.005660,0.026460,-0.008100
0.136961,-0.296953,-1.162915,-0.103576,-0.256824,0.092122,-0.479126,0.177999,0.082969,-0.175729,0.263381,-0.331242,0.124348,-0.026861,-0.207184,-0.076879,0.035985,-0.097659,0.105785,0.092544,0.202119,-0.305298,-0.323518,0.044150,0.040222,0.065565,-0.283135,-0.029508,0.074835,-0.017336,0.254869,0.072360,0.135382,0.021620,0.163385,0.033402,0.048213,0.017698,0.279017,-0.227502,0.009434,-0.091422,-0.224122,0.102359,0.060471,0.051282,0.047215,-0.067018,-0.280377,-0.100764,0.000148,0.082010,-0.147258,-0.003083,-0.352543,-0.121665,-0.048238,0.030047,-0.222248,0.284545,-0.124611,0.085591,-0.074642,-0.164923,0.120228,0.308399,0.089905,-0.057993,0.044338,0.101239,-0.115078
0.115043,0.005739,-0.461262,-0.025846,-0.053180,0.185773,-0.220788,0.115230,0.068876,-0.085966,0.130169,-0.135357,0.059705,-0.041766,-0.101151,-0.019435,0.020166,-0.102524,-0.043460,0.060848,0.068093,-0.125328,-0.138560,0.083736,-0.011440,0.082431,-0.054800,-0.034244,0.015533,-0.020015,0.072360,0.034808,0.019418,-0.037943,0.091734,0.029379,0.017590,-0.004415,0.099866,-0.073982,-0.014886,-0.048968,-0.119743,-0.012697,0.034664,0.056919,0.006497,-0.056315,-0.111941,-0.048479,-0.002445,0.025120,-0.036771,-0.016548,-0.147612,-0.067187,0.016997,0.027946,-0.055288,0.129900,-0.035673,0.065230,-0.036715,-0.073389,0.013769,0.160852,0.019092,-0.040263,0.004605,-0.001960,-0.018027
-0.031529,-0.281587,-0.439334,-0.060026,-0.163796,-0.169857,-0.138841,0.006043,-0.017981,-0.044083,0.064256,-0.119691,0.032737,0.032519,-0.052253,-0.044209,0.005513,0.050585,0.157108,0.001854,0.092919,-0.109531,-0.108179,-0.074141,0.052763,-0.052613,-0.185826,0.019763,0.047677,0.011470,0.135382,0.019418,0.098491,0.071964,0.024794,-0.009503,0.020317,0.022368,0.120225,-0.108240,0.029110,-0.017112,-0.042367,0.111761,0.008200,-0.030789,0.034611,0.015457,-0.104920,-0.026394,0.003490,0.041143,-0.085307,0.019852,-0.122518,-0.020004,-0.067773,-0.010630,-0.129034,0.084132,-0.065937,-0.010564,-0.018450,-0.051371,0.091937,0.063671,0.056687,0.001762,0.034553,0.096004,-0.081350
-0.229700,-0.311109,0.315554,-0.020210,-0.084698,-0.498207,0.227506,-0.189812,-0.136563,0.099258,-0.152964,0.102478,-0.066666,0.105942,0.116379,-0.014204,-0.028450,0.228767,0.242152,-0.101662,-0.016551,0.096266,0.120253,-0.221973,0.075949,-0.196712,-0.105513,0.079479,0.024562,0.046368,0.021620,-0.037943,0.071964,0.141975,-0.129724,-0.060212,-0.008221,0.031456,-0.041453,0.010188,0.056507,0.065099,0.158627,0.141225,-0.050269,-0.129901,0.025971,0.112466,0.078398,0.054332,0.007900,0.001239,-0.028655,0.049431,0.120328,0.093036,-0.101477,-0.058978,-0.043906,-0.131236,-0.009797,-0.122416,0.042795,0.070036,0.074929,-0.205853,0.028141,0.070468,0.029132,0.106074,-0.056349
0.335803,0.103036,-1.172055,-0.054763,-0.100264,0.578907,-0.583035,0.324753,0.200768,-0.230085,0.349160,-0.346784,0.159144,-0.128405,-0.270607,-0.041466,0.055460,-0.306187,-0.171596,0.171901,0.164374,-0.321486,-0.359410,0.260193,-0.048684,0.249860,-0.098068,-0.103153,0.029337,-0.060267,0.163385,0.091734,0.024794,-0.129724,0.252711,0.086202,0.043598,-0.019406,0.246022,-0.176347,-0.051163,-0.133527,-0.326352,-0.070426,0.095726,0.170821,0.007750,-0.164387,-0.284963,-0.129279,-0.008006,0.058524,-0.077939,-0.053021,-0.380650,-0.184275,0.069061,0.082488,-0.116951,0.342274,-0.080796,0.188149,-0.098382,-0.192190,0.010700,0.436311,0.036649,-0.114666,0.002406,-0.035137,-0.026029
0.126809,0.089961,-0.339460,-0.008445,-0.005343,0.240299,-0.183828,0.115778,0.075653,-0.074555,0.113635,-0.102372,0.051146,-0.052332,-0.087609,-0.006628,0.018931,-0.119726,-0.091272,0.061537,0.041730,-0.095172,-0.109078,0.107590,-0.027433,0.099828,-0.000416,-0.040846,0.001610,-0.023850,0.033402,0.029379,-0.009503,-0.060212,0.086202,0.033150,0.011881,-0.011186,0.065997,-0.043164,-0.023884,-0.044857,-0.109533,-0.046337,0.032922,0.067277,-0.003708,-0.062082,-0.082889,-0.041585,-0.003538,0.013345,-0.012042,-0.022815,-0.114033,-0.062584,0.037586,0.031692,-0.017877,0.107424,-0.016707,0.069718,-0.031954,-0.059544,-0.013409,0.145119,0.002551,-0.041611,-0.005621,-0.030674,0.005903
0.047203,-0.031063,-0.256775,-0.018614,-0.043107,0.062028,-0.114381,0.051769,0.028367,-0.043345,0.065335,-0.074249,0.030357,-0.014622,-0.051047,-0.013886,0.009592,-0.039382,-0.000503,0.027178,0.041255,-0.068593,-0.074294,0.028248,0.001229,0.030239,-0.046454,-0.012812,0.012571,-0.007498,0.048213,0.017590,0.020317,-0.008221,0.043598,0.011881,0.010551,0.000714,0.058590,-0.045692,-0.003120,-0.023736,-0.058104,0.007713,0.016335,0.021541,0.007009,-0.023104,-0.062113,-0.024627,-0.000667,0.016039,-0.026471,-0.004962,-0.080016,-0.032152,-0.000558,0.011112,-0.039892,0.067588,-0.023673,0.027637,-0.018467,-0.038643,0.017072,0.078858,0.015223,-0.017627,0.006164,0.010589,-0.017695
-0.042183,-0.081898,0.007912,-0.009647,-0.031330,-0.102012,0.024148,-0.031530,-0.024999,0.012245,-0.019252,0.004952,-0.007900,0.021319,0.014299,-0.006989,-0.004248,0.044000,0.057311,-0.017030,0.006829,0.004953,0.009157,-0.045291,0.018337,-0.038780,-0.037140,0.015514,0.009104,0.009044,0.017698,-0.004415,0.022368,0.031456,-0.019406,-0.011186,0.000714,0.007981,0.005441,-0.009495,0.012591,0.009255,0.022481,0.035512,-0.007666,-0.025199,0.007988,0.020656,0.002404,0.006468,0.001700,0.004475,-0.013698,0.010432,0.007683,0.013688,-0.024218,-0.011094,-0.020815,-0.013511,-0.008496,-0.021834,0.005337,0.006539,0.022225,-0.028273,0.010644,0.012121,0.008517,0.027923,-0.017980
0.262601,-0.192285,-1.467853,-0.108219,-0.252221,0.336806,-0.650197,0.290622,0.157875,-0.245844,0.370424,-0.423970,0.172298,-0.079880,-0.289548,-0.080697,0.054128,-0.217529,0.007298,0.152485,0.237272,-0.391609,-0.423481,0.153589,0.010288,0.166138,-0.272403,-0.070553,0.073549,-0.041298,0.279017,0.099866,0.120225,-0.041453,0.246022,0.065997,0.058590,0.005441,0.336548,-0.263137,-0.015619,-0.134171,-0.328474,0.050441,0.092107,0.118782,0.041522,-0.128529,-0.354978,-0.139764,-0.003513,0.092567,-0.153896,-0.026538,-0.456481,-0.181540,-0.007496,0.061611,-0.231959,0.384335,-0.136962,0.154260,-0.104719,-0.219952,0.101632,0.446202,0.088997,-0.098706,0.036782,0.065550,-0.104441
-0.173360,0.205065,1.126871,0.090166,0.216274,-0.189161,0.484857,-0.202355,-0.104473,0.181170,-0.272422,0.323634,-0.127444,0.046854,0.213463,0.067094,-0.038814,0.137331,-0.045329,-0.105835,-0.187771,0.298669,0.320345,-0.087111,-0.020638,-0.101302,0.235868,0.043681,-0.063044,0.025593,-0.227502,-0.073982,-0.108240,0.010188,-0.176347,-0.043164,-0.045692,-0.009495,-0.263137,0.209903,0.003327,0.097094,0.237823,-0.063511,-0.065744,-0.074177,-0.037565,0.084844,0.272177,0.103338,0.001533,-0.074509,0.128210,0.013246,0.346823,0.130565,0.022558,-0.039844,0.193360,-0.287130,0.111542,-0.103877,0.077087,0.165149,-0.093798,-0.324631,-0.076028,0.067749,-0.034275,-0.069910,0.093024
-0.091084,-0.124919,0.121989,-0.008386,-0.034575,-0.198217,0.089108,-0.075058,-0.054147,0.038984,-0.060101,0.039766,-0.026163,0.042127,0.045705,-0.005907,-0.011220,0.090839,0.096828,-0.040210,-0.005944,0.037375,0.046874,-0.088304,0.030392,-0.078170,-0.042954,0.031574,0.010028,0.018420,0.009434,-0.014886,0.029110,0.056507,-0.051163,-0.023884,-0.003120,0.012591,-0.015619,0.003327,0.022879,0.025645,0.062484,0.056602,-0.019835,-0.051595,0.010500,0.044597,0.030335,0.021324,0.003148,0.000758,-0.011892,0.019686,0.046810,0.036679,-0.040590,-0.023403,-0.018211,-0.051375,-0.004305,-0.048502,0.016812,0.027375,0.030243,-0.081030,0.011502,0.027891,0.011751,0.042592,-0.022823
-0.174973,-0.042343,0.633630,0.031253,0.059470,-0.296825,0.311872,-0.170740,-0.104648,0.122628,-0.185981,0.187047,-0.084912,0.066053,0.144242,0.023613,-0.029345,0.158630,0.083529,-0.090321,-0.090169,0.173342,0.193195,-0.133501,0.023357,-0.128975,0.059236,0.053328,-0.017390,0.031160,-0.091422,-0.048968,-0.017112,0.065099,-0.133527,-0.044857,-0.023736,0.009255,-0.134171,0.097094,0.025645,0.071145,0.173094,0.032309,-0.050596,-0.088392,-0.005513,0.085654,0.153976,0.068969,0.004058,-0.032440,0.044475,0.027007,0.204943,0.097574,-0.033428,-0.042861,0.066780,-0.183195,0.045167,-0.098333,0.052418,0.103038,-0.009453,-0.231709,-0.021605,0.060124,-0.002705,0.014441,0.017059
-0.427283,-0.101832,1.550495,0.076697,0.146225,-0.724181,0.762709,-0.417157,-0.255556,0.299838,-0.454727,0.457647,-0.207631,0.161183,0.352687,0.057941,-0.071723,0.387249,0.203164,-0.220668,-0.220818,0.424108,0.472601,-0.325724,0.056759,-0.314789,0.145780,0.130169,-0.042758,0.076060,-0.224122,-0.119743,-0.042367,0.158627,-0.326352,-0.109533,-0.058104,0.022481,-0.328474,0.237823,0.062484,0.173094,0.423451,0.078292,-0.123655,-0.215769,-0.013666,0.209167,0.376769,0.168645,0.009893,-0.079489,0.109143,0.065864,0.501385,0.238492,-0.081277,-0.104649,0.163885,-0.448034,0.110721,-0.240170,0.128164,0.252021,-0.023620,-0.566438,-0.053106,0.146874,-0.006806,0.034729,0.042141
-0.173700,-0.390427,-0.074879,-0.052470,-0.162890,-0.442657,0.061573,-0.122688,-0.102773,0.037576,-0.060297,-0.009387,-0.023205,0.091791,0.043690,-0.038190,-0.015396,0.185455,0.263576,-0.066609,0.049315,-0.006932,0.009947,-0.196224,0.084933,-0.165390,-0.191084,0.065853,0.047352,0.038380,0.102359,-0.012697,0.111761,0.141225,-0.070426,-0.046337,0.007713,0.035512,0.050441,-0.063511,0.056602,0.032309,0.078292,0.167131,-0.028205,-0.106649,0.039805,0.085060,-0.015855,0.019097,0.007536,0.027551,-0.074525,0.045867,0.000683,0.049066,-0.111712,-0.046246,-0.113101,-0.032893,-0.049365,-0.088519,0.016563,0.013349,0.109698,-0.095956,0.055592,0.048150,0.041876,0.133115,-0.090428
0.128180,0.042750,-0.440479,-0.020084,-0.036093,0.222430,-0.220118,0.123503,0.076625,-0.087001,0.132059,-0.130457,0.060148,-0.049271,-0.102318,-0.015223,0.021035,-0.117151,-0.067274,0.065391,0.061381,-0.120958,-0.135407,0.099944,-0.019190,0.095742,-0.034981,-0.039502,0.010564,-0.023078,0.060471,0.034664,0.008200,-0.050269,0.095726,0.032922,0.016335,-0.007666,0.092107,-0.065744,-0.019835,-0.050596,-0.123655,-0.028205,0.036657,0.065390,0.002514,-0.062749,-0.107118,-0.048863,-0.003091,0.021753,-0.028585,-0.020426,-0.143309,-0.069871,0.027132,0.031523,-0.042881,0.129188,-0.029916,0.071730,-0.037206,-0.072489,0.002915,0.165230,0.013233,-0.043657,0.000481,-0.014578,-0.008882
0.259352,0.214713,-0.632188,-0.009908,0.008644,0.504512,-0.354092,0.232661,0.154628,-0.145059,0.221442,-0.192168,0.099216,-0.109341,-0.170404,-0.008120,0.037506,-0.247331,-0.202602,0.123822,0.073103,-0.178859,-0.207051,0.225661,-0.061551,0.207464,0.021186,-0.084677,-0.002405,-0.049435,0.051282,0.056919,-0.030789,-0.129901,0.170821,0.067277,0.021541,-0.025199,0.118782,-0.074177,-0.051595,-0.088392,-0.215769,-0.106649,0.065390,0.139595,-0.011577,-0.126973,-0.154646,-0.080696,-0.007544,0.022022,-0.014163,-0.048342,-0.215338,-0.123781,0.083797,0.065142,-0.020742,0.206567,-0.025862,0.141785,-0.062224,-0.113937,-0.037926,0.284975,-0.001577,-0.084086,-0.015426,-0.073210,0.021541
-0.012503,-0.099991,-0.150632,-0.021005,-0.057517,-0.062400,-0.046746,0.000827,-0.007168,-0.014661,0.021314,-0.040927,0.010935,0.012017,-0.017386,-0.015466,0.001726,0.019123,0.056249,-0.000037,0.032195,-0.037436,-0.036805,-0.027267,0.018854,-0.019613,-0.065316,0.007405,0.016741,0.004299,0.047215,0.006497,0.034611,0.025971,0.007750,-0.003708,0.007009,0.007988,0.041522,-0.037565,0.010500,-0.005513,-0.013666,0.039805,0.002514,-0.011577,0.012541,0.006129,-0.035953,-0.008812,0.001266,0.014313,-0.029852,0.007234,-0.041790,-0.006331,-0.024244,-0.004092,-0.045157,0.028371,-0.022991,-0.004494,-0.006127,-0.017391,0.032468,0.020756,0.019898,0.001085,0.012209,0.034091,-0.028662
-0.240030,-0.163435,0.656374,0.017626,0.014474,-0.451939,0.352830,-0.220068,-0.143221,0.142774,-0.217536,0.197606,-0.098011,0.098540,0.167785,0.013757,-0.036103,0.226071,0.169213,-0.116932,-0.081716,0.183663,0.210041,-0.202399,0.050712,-0.188225,0.005698,0.077061,-0.004317,0.044998,-0.067018,-0.056315,0.015457,0.112466,-0.164387,-0.062082,-0.023104,0.020656,-0.128529,0.084844,0.044597,0.085654,0.209167,0.085060,-0.062749,-0.126973,0.006129,0.117844,0.160211,0.079684,0.006627,-0.026433,0.025126,0.042810,0.219830,0.119400,-0.069602,-0.059915,0.037364,-0.206264,0.033475,-0.132143,0.061181,0.114456,0.023041,-0.277322,-0.006342,0.078990,0.009764,0.055727,-0.009063
-0.327309,0.118087,1.583907,0.105748,0.236924,-0.471443,0.723857,-0.345899,-0.196389,0.277053,-0.418312,0.460366,-0.193435,0.108713,0.326172,0.079074,-0.062673,0.280894,0.053947,-0.182014,-0.247292,0.425635,0.464374,-0.213662,0.008724,-0.220112,0.252322,0.092445,-0.069123,0.054072,-0.280377,-0.111941,-0.104920,0.078398,-0.284963,-0.082889,-0.062113,0.002404,-0.354978,0.272177,0.030335,0.153976,0.376769,-0.015855,-0.107118,-0.154646,-0.035953,0.160211,0.383907,0.156974,0.005603,-0.094524,0.150403,0.039727,0.498202,0.209594,-0.018061,-0.078083,0.226513,-0.427053,0.137837,-0.189097,0.118144,0.243113,-0.085119,-0.509365,-0.084042,0.119002,-0.030295,-0.040252,0.092710
-0.162782,-0.011049,0.646753,0.035869,0.073382,-0.264105,0.310323,-0.162653,-0.097448,0.120932,-0.183140,0.189886,-0.083967,0.059318,0.142288,0.026982,-0.028418,0.145302,0.063012,-0.085904,-0.095182,0.175830,0.194529,-0.119018,0.016706,-0.116951,0.075440,0.048562,-0.021436,0.028383,-0.100764,-0.048479,-0.026394,0.054332,-0.129279,-0.041585,-0.024627,0.006468,-0.139764,0.103338,0.021324,0.068969,0.168645,0.019097,-0.048863,-0.080696,-0.008812,0.079684,0.156974,0.068514,0.003489,-0.035042,0.051032,0.023575,0.207162,0.094665,-0.024710,-0.039574,0.076723,-0.182552,0.049684,-0.092222,0.051652,0.103096,-0.018482,-0.226473,-0.026367,0.056873,-0.006142,0.003771,0.024605
-0.013535,-0.016301,0.022699,-0.000704,-0.003697,-0.028495,0.014852,-0.011458,-0.008054,0.006340,-0.009739,0.007176,-0.004285,0.006090,0.007438,-0.000478,-0.001757,0.013317,0.013216,-0.006125,-0.001785,0.006716,0.008146,-0.012709,0.004115,-0.011374,-0.004760,0.004608,0.001071,0.002689,0.000148,-0.002445,0.003490,0.007900,-0.008006,-0.003538,-0.000667,0.001700,-0.003513,0.001533,0.003148,0.004058,0.009893,0.007536,-0.003091,-0.007544,0.001266,0.006627,0.005603,0.003489,0.000778,-0.000275,-0.000997,0.002802,0.008273,0.005761,-0.005522,-0.003454,-0.001541,-0.008602,-0.000028,-0.007267,0.002729,0.004646,0.003721,-0.012912,0.001209,0.004220,0.001457,0.005558,-0.002694
0.054014,-0.083967,-0.391660,-0.032904,-0.080172,0.050410,-0.165359,0.065745,0.032615,-0.061297,0.092043,-0.112075,0.043228,-0.013088,-0.072242,-0.024456,0.012885,-0.041176,0.024532,0.034304,0.066503,-0.103372,-0.110288,0.023471,0.009988,0.029411,-0.087888,-0.012866,0.023366,-0.007545,0.082010,0.025120,0.041143,0.001239,0.058524,0.013345,0.016039,0.004475,0.092567,-0.074509,0.000758,-0.032440,-0.079489,0.027551,0.021753,0.022022,0.014313,-0.026433,-0.094524,-0.035042,-0.000275,0.026991,-0.046785,-0.003029,-0.119744,-0.043435,-0.011553,0.012201,-0.070582,0.098045,-0.040181,0.032889,-0.026062,-0.056580,0.036086,0.108871,0.028127,-0.021773,0.013247,0.028626,-0.035170
-0.051364,0.204816,0.624935,0.061240,0.155845,0.005148,0.246215,-0.079310,-0.031415,0.088478,-0.132125,0.176550,-0.063020,0.003041,0.104390,0.045363,-0.017180,0.029120,-0.088130,-0.040891,-0.113039,0.162512,0.170105,0.000527,-0.031647,-0.014569,0.173212,0.007603,-0.045397,0.004504,-0.147258,-0.036771,-0.085307,-0.028655,-0.077939,-0.012042,-0.026471,-0.013698,-0.153896,0.128210,-0.011892,0.044475,0.109143,-0.074525,-0.028585,-0.014163,-0.029852,0.025126,0.150403,0.051032,-0.000997,-0.046785,0.087392,-0.003955,0.186603,0.058449,0.039154,-0.010277,0.131469,-0.146671,0.072001,-0.034540,0.037508,0.085707,-0.077031,-0.151620,-0.054381,0.024843,-0.028581,-0.069828,0.071956
-0.087439,-0.098019,0.161357,-0.002802,-0.019240,-0.180981,0.101134,-0.074997,-0.052050,0.042715,-0.065512,0.050438,-0.028956,0.038793,0.050131,-0.001796,-0.011634,0.085445,0.081596,-0.040050,-0.014433,0.047133,0.056429,-0.080766,0.025294,-0.072693,-0.025526,0.029498,0.005564,0.017214,-0.003083,-0.016548,0.019852,0.049431,-0.053021,-0.022815,-0.004962,0.010432,-0.026538,0.013246,0.019686,0.027007,0.065864,0.045867,-0.020426,-0.048342,0.007234,0.042810,0.039727,0.023575,0.002802,-0.003029,-0.003955,0.018033,0.057684,0.038216,-0.034029,-0.022234,-0.006204,-0.058684,0.001789,-0.047133,0.018369,0.031871,0.021547,-0.086216,0.006199,0.027500,0.008479,0.033420,-0.015160
-0.449101,0.104002,2.056044,0.131190,0.288122,-0.671515,0.951895,-0.466812,-0.269279,0.366127,-0.553258,0.599179,-0.255238,0.153531,0.430969,0.098232,-0.083705,0.390075,0.104109,-0.245901,-0.316187,0.554199,0.606881,-0.303774,0.022255,-0.308237,0.304592,0.128994,-0.084082,0.075433,-0.352543,-0.147612,-0.122518,0.120328,-0.380650,-0.114033,-0.080016,0.007683,-0.456481,0.346823,0.046810,0.204943,0.501385,0.000683,-0.143309,-0.215338,-0.041790,0.219830,0.498202,0.207162,0.008273,-0.119744,0.186603,0.057684,0.650145,0.279623,-0.037860,-0.107753,0.280920,-0.561148,0.173437,-0.257944,0.156197,0.318763,-0.096959,-0.676570,-0.102483,0.161362,-0.034146,-0.035447,0.109327
-0.243907,-0.069441,0.862216,0.041070,0.076264,-0.418190,0.427325,-0.236606,-0.145843,0.168424,-0.255535,0.254906,-0.116539,0.092859,0.198094,0.031074,-0.040496,0.221962,0.121838,-0.125216,-0.121542,0.236282,0.263871,-0.188001,0.034404,-0.180904,0.075102,0.074724,-0.022310,0.043659,-0.121665,-0.067187,-0.020004,0.093036,-0.184275,-0.062584,-0.032152,0.013688,-0.181540,0.130565,0.036679,0.097574,0.238492,0.049066,-0.069871,-0.123781,-0.006331,0.119400,0.209594,0.094665,0.005761,-0.043435,0.058449,0.038216,0.279623,0.134920,-0.048945,-0.059857,0.087726,-0.250915,0.060145,-0.136801,0.072008,0.140973,-0.009617,-0.318987,-0.027813,0.083466,-0.002438,0.023681,0.020570
0.142143,0.255408,-0.068212,0.027578,0.092472,0.335014,-0.096014,0.109010,0.084307,-0.046231,0.072214,-0.028204,0.030227,-0.070292,-0.054057,0.019914,0.015126,-0.146616,-0.182458,0.058749,-0.014817,-0.027259,-0.041591,0.148858,-0.058144,0.128472,0.110400,-0.051514,-0.026863,-0.030037,-0.048238,0.016997,-0.067773,-0.101477,0.069061,0.037586,-0.000558,-0.024218,-0.007496,0.022558,-0.040590,-0.033428,-0.081277,-0.111712,0.027132,0.083797,-0.024244,-0.069602,-0.018061,-0.024710,-0.005522,-0.011553,0.039154,-0.034029,-0.037860,-0.048945,0.077304,0.037164,0.059552,0.054321,0.023067,0.074111,-0.020079,-0.027285,-0.067863,0.103186,-0.031320,-0.041524,-0.026071,-0.087081,0.054249
0.122382,0.090768,-0.319630,-0.007204,-0.002641,0.233586,-0.174598,0.111205,0.072999,-0.070998,0.108258,-0.096587,0.048668,-0.050802,-0.083423,-0.005698,0.018114,-0.115863,-0.090132,0.059127,0.038699,-0.089820,-0.103209,0.104555,-0.027175,0.096766,0.002430,-0.039566,0.000822,-0.023101,0.030047,0.027946,-0.010630,-0.058978,0.082488,0.031692,0.011112,-0.011094,0.061611,-0.039844,-0.023403,-0.042861,-0.104649,-0.046246,0.031523,0.065142,-0.004092,-0.059915,-0.078083,-0.039574,-0.003454,0.012201,-0.010277,-0.022234,-0.107753,-0.059857,0.037164,0.030960,-0.015220,0.101985,-0.015056,0.067180,-0.030436,-0.056457,-0.014290,0.138533,0.001589,-0.040027,-0.005930,-0.030949,0.006913
-0.076383,0.310466,0.941224,0.092480,0.235504,0.010156,0.370333,-0.118732,-0.046735,0.132996,-0.198582,0.265841,-0.094748,0.004079,0.156918,0.068500,-0.025780,0.042831,-0.134109,-0.061198,-0.170443,0.244694,0.256032,0.001861,-0.048105,-0.021034,0.261803,0.011088,-0.068602,0.006572,-0.222248,-0.055288,-0.129034,-0.043906,-0.116951,-0.017877,-0.039892,-0.020815,-0.231959,0.193360,-0.018211,0.066780,0.163885,-0.113101,-0.042881,-0.020742,-0.045157,0.037364,0.226513,0.076723,-0.001541,-0.070582,0.131469,-0.006204,0.280920,0.087726,0.059552,-0.015220,0.198870,-0.220629,0.108663,-0.051517,0.056377,0.128957,-0.116564,-0.227736,-0.082172,0.037139,-0.043255,-0.105847,0.108818
