0.453306,0.483664,-0.466116,-0.090946,0.160836,-0.068885,0.021434,-0.219541,0.022669,0.670468,-0.370581,-0.082509,0.336295,0.180580,0.104090,0.500742,0.086619,0.303235,-0.470112,0.049852,-0.173165,0.024640,-0.160813,0.029928,0.248866,0.184214,0.419779,0.063754,0.136720,-0.028873,0.037132,0.104770,0.146347,0.150442,0.022591,-0.068623,-0.001047,0.021025,0.023109,0.116043,-0.031405,-0.007683,-0.110206,0.083510,-0.127367,0.012449,0.155710,0.019067,-0.072286,-0.025038,0.083807,-0.122977,-0.042211,0.087257,-0.033128,0.056721,0.127186,0.097156,0.185816,-0.184478,0.052120,-0.105598,-0.140585,-0.143042,-0.067214,0.036334,0.102927,0.142568,-0.082331,0.240993,-0.143275
0.483664,1.262132,-1.171842,-0.454825,0.151263,-1.435271,0.145407,-0.453645,-0.201609,1.279823,-1.526157,-0.026001,1.247784,0.304268,0.837650,0.981874,0.201601,0.713473,-0.776506,-0.214985,-0.183346,-0.389064,0.475165,0.786257,1.197764,0.735625,0.490837,-0.229852,0.239258,-0.198943,0.690795,0.193905,0.255161,0.494061,0.308770,-0.464696,0.019232,-0.115585,-0.441728,0.167667,-0.703211,-0.245203,0.051018,0.498263,-0.398289,-0.284782,0.313876,0.244599,-0.754129,0.030537,-0.678197,-0.336737,-0.137329,0.371468,0.248600,0.452117,-0.188520,0.075142,0.475876,-0.449506,0.099762,-0.206961,0.118653,-0.683894,-0.094979,0.287915,0.354947,0.389978,-0.172604,0.080642,0.105446
-0.466116,-1.171842,1.233768,0.382640,-0.128582,1.399807,0.091706,0.711797,0.784428,-1.288369,1.749995,0.146471,-1.093669,-0.400831,-0.979443,-1.158406,-0.046863,-0.703881,0.721182,0.087952,0.398910,0.085818,-0.374517,-0.663521,-1.059884,-0.726445,-0.475828,-0.136662,-0.224916,0.071935,-0.746281,-0.035304,-0.323716,-0.431501,-0.227188,0.332690,0.032700,0.267950,0.317485,-0.272103,0.633859,0.095410,-0.029683,-0.437921,0.403821,0.166945,-0.342817,-0.134928,0.977696,0.012507,0.621881,0.300800,0.124652,-0.364082,-0.234513,-0.201441,0.162999,-0.092307,-0.575194,0.421076,-0.054976,0.141082,-0.193269,0.823485,-0.000472,-0.406457,-0.356869,-0.328868,0.135753,-0.195468,-0.138338
-0.090946,-0.454825,0.382640,0.198387,-0.026875,0.643955,-0.116734,0.080581,-0.040361,-0.384112,0.534136,-0.041347,-0.507364,-0.062462,-0.318076,-0.258130,-0.103418,-0.238468,0.228739,0.143363,-0.019024,0.257533,-0.288845,-0.379756,-0.506539,-0.283768,-0.103479,0.211480,-0.072243,0.112695,-0.291426,-0.095445,-0.056857,-0.196135,-0.153895,0.223553,-0.021503,0.022658,0.238390,-0.017283,0.328616,0.145557,-0.061073,-0.217362,0.142943,0.161977,-0.090376,-0.132324,0.269802,-0.031657,0.348217,0.126022,0.053275,-0.145659,-0.126790,-0.249678,0.129942,-0.001444,-0.138675,0.157535,-0.040841,0.079017,-0.078065,0.236794,0.046283,-0.092490,-0.131242,-0.150558,0.063279,0.061999,-0.082794
0.160836,0.151263,-0.128582,-0.026875,0.060257,0.025315,0.032912,-0.035215,0.091270,0.211264,-0.056362,-0.015967,0.102179,0.046472,-0.010447,0.135035,0.045748,0.091932,-0.160747,0.011864,-0.033165,-0.013621,-0.069077,-0.003745,0.067785,0.044303,0.147171,-0.012658,0.045994,-0.019657,-0.019884,0.053667,0.038561,0.047436,0.007042,-0.025361,0.005455,0.032276,0.010712,0.025558,0.006689,-0.012418,-0.042539,0.020725,-0.033486,0.001128,0.044964,0.011787,0.030053,-0.005540,0.052566,-0.039496,-0.012739,0.020460,-0.021050,0.036336,0.054115,0.032952,0.041375,-0.058200,0.022213,-0.041641,-0.069385,-0.011210,-0.034791,-0.012282,0.026075,0.048286,-0.030168,0.076705,-0.064591
-0.068885,-1.435271,1.399807,0.643955,0.025315,2.563769,-0.075313,0.628230,0.816804,-1.191968,2.355282,-0.021299,-1.636571,-0.308268,-1.488314,-1.054428,-0.117260,-0.784629,0.565767,0.412489,0.173647,0.576220,-1.126591,-1.348889,-1.713876,-1.045879,-0.145418,0.304376,-0.191119,0.237261,-1.275523,-0.066685,-0.259488,-0.615146,-0.487215,0.663290,-0.003206,0.360238,0.793949,-0.174048,1.225192,0.348354,-0.284918,-0.747789,0.522511,0.481849,-0.326524,-0.353366,1.444161,-0.074752,1.398764,0.386170,0.173444,-0.536889,-0.521592,-0.581224,0.573378,0.025132,-0.625024,0.491299,-0.062465,0.152502,-0.533576,1.124358,-0.008597,-0.557703,-0.483093,-0.433784,0.149970,0.213498,-0.485358
0.021434,0.145407,0.091706,-0.116734,0.032912,-0.075313,0.371078,0.401452,0.903754,-0.013330,0.335941,0.189617,0.249304,-0.150992,-0.210947,-0.274501,0.241503,0.017000,-0.084267,-0.202589,0.337936,-0.478917,0.168782,0.202353,0.225828,0.020206,0.018571,-0.576133,0.021994,-0.199985,-0.076846,0.246866,-0.107127,0.100598,0.131126,-0.210693,0.081192,0.234852,-0.200952,-0.163456,-0.117904,-0.236801,0.037254,0.099179,0.006227,-0.188244,-0.044814,0.173981,0.338630,0.068233,-0.100612,-0.057528,-0.020613,0.014655,0.026743,0.395634,-0.046392,-0.028433,-0.152792,-0.045764,0.069740,-0.102661,-0.110218,0.211036,-0.148115,-0.181220,-0.000554,0.096968,-0.057616,-0.184656,-0.045371
-0.219541,-0.453645,0.711797,0.080581,-0.035215,0.628230,0.401452,0.744774,1.259135,-0.667222,1.202789,0.256521,-0.312503,-0.348099,-0.693543,-0.850290,0.207033,-0.340213,0.286943,-0.151321,0.526476,-0.417244,-0.022550,-0.137765,-0.316765,-0.346514,-0.226612,-0.622353,-0.093447,-0.155570,-0.447246,0.217667,-0.266914,-0.121433,0.011996,-0.034927,0.094295,0.358993,-0.034635,-0.294715,0.204034,-0.179519,0.022685,-0.124936,0.209780,-0.097485,-0.216791,0.099289,0.814732,0.072148,0.212813,0.097034,0.043169,-0.169240,-0.090977,0.278229,0.034885,-0.074964,-0.437032,0.169403,0.038647,-0.026374,-0.200132,0.616323,-0.141347,-0.377629,-0.180485,-0.073510,0.013834,-0.278765,-0.110393
0.022669,-0.201609,0.784428,-0.040361,0.091270,0.816804,0.903754,1.259135,2.595558,-0.507507,1.773215,0.469752,-0.017655,-0.502740,-1.115918,-1.109408,0.561129,-0.267891,0.014259,-0.348625,0.920460,-0.979765,-0.015601,-0.020098,-0.106258,-0.361197,-0.014251,-1.331512,-0.020902,-0.410076,-0.694225,0.594299,-0.372857,0.010484,0.138729,-0.269514,0.203140,0.732339,-0.194594,-0.480852,0.184170,-0.459368,-0.016965,-0.044497,0.221871,-0.284949,-0.242383,0.299155,1.419719,0.142675,0.294714,0.007846,0.016555,-0.174567,-0.137002,0.767384,0.106973,-0.062629,-0.631594,0.079284,0.150564,-0.197610,-0.485473,0.973716,-0.375598,-0.675339,-0.191895,0.072574,-0.085428,-0.383349,-0.303288
0.670468,1.279823,-1.288369,-0.384112,0.211264,-1.191968,-0.013330,-0.667222,-0.507507,1.473479,-1.616189,-0.147348,1.135695,0.421649,0.835787,1.225881,0.124294,0.767815,-0.896836,-0.065771,-0.391368,-0.115564,0.223791,0.584658,1.049504,0.710749,0.656798,0.077813,0.272844,-0.102566,0.620718,0.127146,0.342754,0.459683,0.215988,-0.341327,-0.016840,-0.174376,-0.269269,0.274243,-0.550636,-0.112882,-0.041290,0.422081,-0.408760,-0.152001,0.372252,0.144211,-0.797716,-0.017365,-0.465275,-0.330362,-0.130914,0.353568,0.173048,0.250742,-0.057486,0.133319,0.566558,-0.465851,0.086867,-0.195190,0.053465,-0.733757,-0.061448,0.330446,0.355733,0.370732,-0.170252,0.288803,0.015402
-0.370581,-1.526157,1.749995,0.534136,-0.056362,2.355282,0.335941,1.202789,1.773215,-1.616189,2.849376,0.256059,-1.488123,-0.591058,-1.703900,-1.661111,0.102131,-0.933742,0.774936,0.117836,0.672754,-0.025396,-0.741246,-1.049604,-1.523098,-1.086846,-0.420919,-0.418047,-0.253018,0.014854,-1.304037,0.142144,-0.470680,-0.569056,-0.321696,0.428993,0.090131,0.587748,0.494959,-0.432956,1.031388,0.061109,-0.142882,-0.645511,0.587338,0.226142,-0.469150,-0.145553,1.784749,0.026182,1.128824,0.384464,0.169115,-0.547714,-0.431819,-0.133399,0.389102,-0.079828,-0.892325,0.540781,-0.016969,0.102525,-0.520348,1.393019,-0.127436,-0.752762,-0.526285,-0.398305,0.134419,-0.186867,-0.399654
-0.082509,-0.026001,0.146471,-0.041347,-0.015967,-0.021299,0.189617,0.256521,0.469752,-0.147348,0.256059,0.116550,0.058547,-0.116844,-0.134223,-0.248810,0.108370,-0.054957,0.053890,-0.115748,0.212989,-0.254971,0.119892,0.097714,0.064205,-0.029080,-0.077247,-0.314369,-0.017029,-0.098382,-0.049849,0.107503,-0.086728,0.020647,0.063247,-0.095126,0.042723,0.119169,-0.108785,-0.109829,-0.053380,-0.121869,0.041847,0.033534,0.030376,-0.100402,-0.056139,0.086617,0.194437,0.040787,-0.067871,-0.004120,-0.001806,-0.011176,0.020055,0.194544,-0.049702,-0.034927,-0.119350,0.014909,0.025649,-0.031698,-0.029468,0.141766,-0.063674,-0.103241,-0.022295,0.020649,-0.012925,-0.146162,0.005115
0.336295,1.247784,-1.093669,-0.507364,0.102179,-1.636571,0.249304,-0.312503,-0.017655,1.135695,-1.488123,0.058547,1.331197,0.222528,0.859633,0.812095,0.249202,0.674379,-0.680568,-0.322902,-0.040347,-0.579726,0.669242,0.940655,1.311080,0.759994,0.360421,-0.440234,0.212759,-0.264553,0.757454,0.232638,0.194019,0.518846,0.376904,-0.553317,0.042936,-0.084871,-0.570162,0.094341,-0.823237,-0.337556,0.122952,0.556684,-0.393427,-0.381020,0.272500,0.315498,-0.747457,0.064669,-0.847544,-0.340687,-0.142186,0.387758,0.309344,0.590957,-0.291971,0.030973,0.417002,-0.436904,0.106275,-0.211238,0.179113,-0.663215,-0.112821,0.268043,0.357134,0.402057,-0.172037,-0.073396,0.181447
0.180580,0.304268,-0.400831,-0.062462,0.046472,-0.308268,-0.150992,-0.348099,-0.502740,0.421649,-0.591058,-0.116844,0.222528,0.179362,0.320663,0.455536,-0.060786,0.210377,-0.219855,0.061586,-0.244719,0.157172,-0.003017,0.085577,0.207615,0.193229,0.177926,0.250533,0.068349,0.050322,0.206584,-0.062153,0.139404,0.090155,0.009214,-0.013094,-0.036995,-0.142746,0.003246,0.142391,-0.109427,0.061945,-0.026204,0.080225,-0.118152,0.031519,0.123025,-0.028156,-0.360609,-0.031937,-0.092371,-0.070612,-0.028866,0.094309,0.038597,-0.085974,0.001747,0.048862,0.220944,-0.113572,-0.003158,-0.014381,0.059293,-0.291631,0.041514,0.165609,0.100916,0.066368,-0.025240,0.154598,0.022764
0.104090,0.837650,-0.979443,-0.318076,-0.010447,-1.488314,-0.210947,-0.693543,-1.115918,0.835787,-1.703900,-0.134223,0.859633,0.320663,1.053622,0.907329,-0.084182,0.508349,-0.359442,-0.095669,-0.369936,-0.004260,0.526199,0.668143,0.907125,0.641452,0.146017,0.232680,0.122149,-0.006520,0.821047,-0.114978,0.254968,0.322429,0.202736,-0.260000,-0.055098,-0.375652,-0.328964,0.238213,-0.653721,-0.043370,0.124908,0.391022,-0.337971,-0.153523,0.252952,0.092292,-1.110931,-0.007480,-0.749528,-0.211261,-0.096301,0.325026,0.286713,0.079547,-0.287658,0.021638,0.511773,-0.292795,-0.002581,-0.037292,0.371228,-0.843036,0.097230,0.465778,0.306280,0.215430,-0.063305,0.043388,0.296612
0.500742,0.981874,-1.158406,-0.258130,0.135035,-1.054428,-0.274501,-0.850290,-1.109408,1.225881,-1.661111,-0.248810,0.812095,0.455536,0.907329,1.217179,-0.072084,0.634257,-0.666409,0.065186,-0.558146,0.215784,0.135846,0.403819,0.769576,0.608906,0.498409,0.455309,0.206885,0.048981,0.629020,-0.077781,0.359620,0.325224,0.107230,-0.158566,-0.071752,-0.332276,-0.120989,0.341762,-0.429740,0.059241,-0.036285,0.307997,-0.357005,-0.016420,0.341943,0.010808,-0.967905,-0.057101,-0.390891,-0.240111,-0.098341,0.300852,0.153270,-0.051679,-0.054940,0.120354,0.592108,-0.360179,0.020273,-0.085891,0.162887,-0.801111,0.061784,0.427608,0.309370,0.245866,-0.099514,0.337934,0.082842
0.086619,0.201601,-0.046863,-0.103418,0.045748,-0.117260,0.241503,0.207033,0.561129,0.124294,0.102131,0.108370,0.249202,-0.060786,-0.084182,-0.072084,0.170533,0.076489,-0.140682,-0.130696,0.184202,-0.314563,0.107926,0.164445,0.222221,0.065730,0.081293,-0.364185,0.039917,-0.137449,-0.014087,0.175409,-0.039326,0.101849,0.098253,-0.160242,0.051670,0.144830,-0.142555,-0.081958,-0.108022,-0.160111,0.012876,0.093420,-0.028000,-0.129024,0.003402,0.121970,0.171599,0.041258,-0.082799,-0.064848,-0.023743,0.035321,0.023711,0.274402,-0.022596,-0.003391,-0.053893,-0.069433,0.054096,-0.085561,-0.080264,0.086391,-0.104821,-0.097103,0.026868,0.094163,-0.053120,-0.084614,-0.040444
0.303235,0.713473,-0.703881,-0.238468,0.091932,-0.784629,0.017000,-0.340213,-0.267891,0.767815,-0.933742,-0.054957,0.674379,0.210377,0.508349,0.634257,0.076489,0.417742,-0.455257,-0.078598,-0.175840,-0.128342,0.218213,0.400849,0.643152,0.418590,0.304742,-0.019976,0.140250,-0.077190,0.397852,0.072913,0.172549,0.268223,0.149307,-0.225435,-0.003740,-0.103132,-0.206337,0.131486,-0.369998,-0.094364,0.011825,0.264852,-0.232102,-0.122937,0.194827,0.106072,-0.481875,0.002643,-0.349014,-0.186564,-0.075881,0.210082,0.129501,0.184966,-0.084565,0.055063,0.305822,-0.256293,0.047410,-0.105509,0.072333,-0.427004,-0.032349,0.193866,0.205029,0.210746,-0.092401,0.098288,0.053423
-0.470112,-0.776506,0.721182,0.228739,-0.160747,0.565767,-0.084267,0.286943,0.014259,-0.896836,0.774936,0.053890,-0.680568,-0.219855,-0.359442,-0.666409,-0.140682,-0.455257,0.590042,0.054841,0.162416,0.147335,-0.074795,-0.312636,-0.604526,-0.385963,-0.450909,0.069200,-0.176246,0.100150,-0.269427,-0.149976,-0.182003,-0.280808,-0.132321,0.222313,-0.010173,0.016637,0.153885,-0.128031,0.279585,0.104816,0.051510,-0.238710,0.226117,0.103638,-0.212267,-0.108970,0.302480,0.001987,0.194779,0.204155,0.077955,-0.191364,-0.069342,-0.218970,-0.012555,-0.088918,-0.285027,0.284243,-0.073235,0.148254,0.054021,0.329361,0.085116,-0.118656,-0.194869,-0.237996,0.118558,-0.176931,0.057398
0.049852,-0.214985,0.087952,0.143363,0.011864,0.412489,-0.202589,-0.151321,-0.348625,-0.065771,0.117836,-0.115748,-0.322902,0.061586,-0.095669,0.065186,-0.130696,-0.078598,0.054841,0.176229,-0.178722,0.341596,-0.282636,-0.303475,-0.335933,-0.138157,0.034651,0.358102,-0.018609,0.135967,-0.144770,-0.123078,0.040463,-0.121199,-0.138228,0.199108,-0.043273,-0.066054,0.228016,0.078052,0.240385,0.175269,-0.079589,-0.150865,0.054883,0.172936,-0.000813,-0.141243,0.027035,-0.050963,0.275456,0.068634,0.030136,-0.074321,-0.097355,-0.285795,0.130251,0.034006,0.015932,0.068503,-0.037751,0.060086,-0.044181,0.034991,0.065881,0.017373,-0.055812,-0.093382,0.039725,0.166902,-0.071432
-0.173165,-0.183346,0.398910,-0.019024,-0.033165,0.173647,0.337936,0.526476,0.920460,-0.391368,0.672754,0.212989,-0.040347,-0.244719,-0.369936,-0.558146,0.184202,-0.175840,0.162416,-0.178722,0.408562,-0.417610,0.132106,0.066232,-0.033012,-0.145560,-0.168575,-0.549404,-0.051877,-0.158439,-0.196467,0.186065,-0.184628,-0.018564,0.074317,-0.116130,0.077493,0.245438,-0.133816,-0.218493,0.004350,-0.192888,0.057053,-0.003397,0.102909,-0.143693,-0.134829,0.127915,0.474632,0.069041,-0.012245,0.028835,0.012531,-0.067615,-0.004918,0.304148,-0.048394,-0.065218,-0.275395,0.074419,0.039540,-0.041118,-0.091847,0.355378,-0.113943,-0.234830,-0.084044,-0.003418,-0.008072,-0.257685,-0.024891
0.024640,-0.389064,0.085818,0.257533,-0.013621,0.576220,-0.478917,-0.417244,-0.979765,-0.115564,-0.025396,-0.254971,-0.579726,0.157172,-0.004260,0.215784,-0.314563,-0.128342,0.147335,0.341596,-0.417610,0.718013,-0.451665,-0.509274,-0.577453,-0.199475,0.008824,0.793856,-0.044772,0.293472,-0.142160,-0.309036,0.106309,-0.223151,-0.255438,0.382902,-0.103135,-0.224088,0.408785,0.189362,0.378887,0.364208,-0.117334,-0.256357,0.074018,0.331443,0.016240,-0.284332,-0.160635,-0.103937,0.406833,0.128911,0.053175,-0.108844,-0.138390,-0.602066,0.186551,0.054574,0.099506,0.125414,-0.092437,0.143539,0.016618,-0.071156,0.175481,0.126846,-0.077117,-0.184956,0.089590,0.308227,-0.056292
-0.160813,0.475165,-0.374517,-0.288845,-0.069077,-1.126591,0.168782,-0.022550,-0.015601,0.223791,-0.741246,0.119892,0.669242,-0.003017,0.526199,0.135846,0.107926,0.218213,-0.074795,-0.282636,0.132106,-0.451665,0.632585,0.659249,0.732554,0.386776,-0.113620,-0.387367,0.032459,-0.169885,0.514566,0.079788,0.007767,0.243663,0.255640,-0.343943,0.033640,-0.075801,-0.437989,-0.038506,-0.571153,-0.242480,0.188413,0.330918,-0.171284,-0.291058,0.057509,0.215092,-0.470825,0.070600,-0.691458,-0.138199,-0.065760,0.203440,0.254452,0.385453,-0.326332,-0.064960,0.133286,-0.152752,0.031810,-0.060742,0.253449,-0.348942,-0.024576,0.158376,0.166929,0.165946,-0.052249,-0.272267,0.258800
0.029928,0.786257,-0.663521,-0.379756,-0.003745,-1.348889,0.202353,-0.137765,-0.020098,0.584658,-1.049604,0.097714,0.940655,0.085577,0.668143,0.403819,0.164445,0.400849,-0.312636,-0.303475,0.066232,-0.509274,0.659249,0.782343,0.972881,0.540503,0.069102,-0.413910,0.103472,-0.209642,0.620403,0.140224,0.081074,0.355827,0.307822,-0.432075,0.037666,-0.081793,-0.497957,0.013191,-0.681031,-0.283766,0.166618,0.425598,-0.261628,-0.331536,0.142841,0.258125,-0.589910,0.069495,-0.766403,-0.219942,-0.096899,0.279600,0.281075,0.472246,-0.319514,-0.028733,0.247436,-0.266736,0.061295,-0.120401,0.230089,-0.479722,-0.059001,0.205174,0.244687,0.261249,-0.099905,-0.199556,0.234130
0.248866,1.197764,-1.059884,-0.506539,0.067785,-1.713876,0.225828,-0.316765,-0.106258,1.049504,-1.523098,0.064205,1.311080,0.207615,0.907125,0.769576,0.222221,0.643152,-0.604526,-0.335933,-0.033012,-0.577453,0.732554,0.972881,1.312853,0.761592,0.282522,-0.429729,0.191781,-0.255811,0.802165,0.199903,0.181385,0.506261,0.382782,-0.551988,0.038426,-0.116359,-0.592232,0.087819,-0.855604,-0.334900,0.152903,0.562220,-0.388277,-0.390159,0.256814,0.314540,-0.807138,0.068288,-0.909951,-0.327535,-0.139140,0.389754,0.333624,0.577898,-0.335424,0.012707,0.412943,-0.416316,0.094239,-0.190116,0.233035,-0.689559,-0.090522,0.292445,0.354968,0.384489,-0.158059,-0.117526,0.230242
0.184214,0.735625,-0.726445,-0.283768,0.044303,-1.045879,0.020206,-0.346514,-0.361197,0.710749,-1.086846,-0.029080,0.759994,0.193229,0.641452,0.608906,0.065730,0.418590,-0.385963,-0.138157,-0.145560,-0.199475,0.386776,0.540503,0.761592,0.481773,0.203382,-0.072567,0.122998,-0.095583,0.526747,0.051566,0.159747,0.293705,0.196608,-0.279330,-0.002887,-0.147789,-0.300129,0.117665,-0.495494,-0.130921,0.073873,0.323538,-0.253626,-0.179591,0.186901,0.139832,-0.618706,0.017991,-0.525642,-0.194572,-0.083103,0.244441,0.195861,0.233694,-0.182923,0.025090,0.321841,-0.258579,0.039856,-0.092940,0.169678,-0.509425,-0.013010,0.244225,0.229087,0.218588,-0.085941,0.007118,0.146415
0.419779,0.490837,-0.475828,-0.103479,0.147171,-0.145418,0.018571,-0.226612,-0.014251,0.656798,-0.420919,-0.077247,0.360421,0.177926,0.146017,0.498409,0.081293,0.304742,-0.450909,0.034651,-0.168575,0.008824,-0.113620,0.069102,0.282522,0.203382,0.391839,0.054603,0.132017,-0.032319,0.076106,0.096348,0.144359,0.157571,0.035256,-0.082601,-0.001655,0.005482,-0.002321,0.114211,-0.067301,-0.016001,-0.092801,0.100142,-0.134350,-0.002215,0.154545,0.027274,-0.116514,-0.021345,0.033174,-0.125284,-0.044313,0.097624,-0.013995,0.067175,0.099250,0.089057,0.192982,-0.185499,0.049393,-0.101287,-0.111359,-0.170204,-0.060255,0.053250,0.110488,0.144499,-0.080190,0.217144,-0.116027
0.063754,-0.229852,-0.136662,0.211480,-0.012658,0.304376,-0.576133,-0.622353,-1.331512,0.077813,-0.418047,-0.314369,-0.440234,0.250533,0.232680,0.455309,-0.364185,-0.019976,0.069200,0.358102,-0.549404,0.793856,-0.387367,-0.413910,-0.429729,-0.072567,0.054603,0.932150,-0.018334,0.322375,0.026465,-0.364387,0.178640,-0.170722,-0.236832,0.363755,-0.126388,-0.330860,0.379749,0.265904,0.272824,0.393058,-0.105268,-0.194170,0.002954,0.332898,0.078821,-0.293471,-0.426975,-0.117390,0.285820,0.092001,0.036164,-0.045544,-0.090298,-0.646714,0.146139,0.068050,0.229403,0.068184,-0.101305,0.147396,0.096827,-0.270470,0.213789,0.245018,-0.014153,-0.152500,0.082609,0.357746,-0.000512
0.136720,0.239258,-0.224916,-0.072243,0.045994,-0.191119,0.021994,-0.093447,-0.020902,0.272844,-0.253018,-0.017029,0.212759,0.068349,0.122149,0.206885,0.039917,0.140250,-0.176246,-0.018609,-0.051877,-0.044772,0.032459,0.103472,0.191781,0.122998,0.132017,-0.018334,0.053185,-0.029846,0.092593,0.042011,0.056472,0.087151,0.042486,-0.069774,0.002273,-0.010788,-0.051463,0.040402,-0.093289,-0.032086,-0.012141,0.076415,-0.071234,-0.033622,0.065425,0.033892,-0.106284,-0.000356,-0.070767,-0.062832,-0.024287,0.061143,0.025530,0.066300,-0.002203,0.025727,0.090689,-0.087276,0.021283,-0.043704,-0.008875,-0.109475,-0.023267,0.042019,0.061705,0.072808,-0.035468,0.050529,-0.010943
-0.028873,-0.198943,0.071935,0.112695,-0.019657,0.237261,-0.199985,-0.155570,-0.410076,-0.102566,0.014854,-0.098382,-0.264553,0.050322,-0.006520,0.048981,-0.137449,-0.077190,0.100150,0.135967,-0.158439,0.293472,-0.169885,-0.209642,-0.255811,-0.095583,-0.032319,0.322375,-0.029846,0.123614,-0.058437,-0.136878,0.032085,-0.103695,-0.106350,0.162625,-0.042613,-0.095661,0.165018,0.068863,0.156125,0.150503,-0.038223,-0.111265,0.040197,0.134806,-0.005836,-0.118395,-0.064401,-0.040661,0.157213,0.062942,0.025184,-0.051102,-0.052946,-0.252595,0.064590,0.014107,0.026894,0.066524,-0.042622,0.068163,0.020600,-0.020293,0.078526,0.050983,-0.039476,-0.087714,0.043811,0.106148,-0.009501
0.037132,0.690795,-0.746281,-0.291426,-0.019884,-1.275523,-0.076846,-0.447246,-0.694225,0.620718,-1.304037,-0.049849,0.757454,0.206584,0.821047,0.629020,-0.014087,0.397852,-0.269427,-0.144770,-0.196467,-0.142160,0.514566,0.620403,0.802165,0.526747,0.076106,0.026465,0.092593,-0.058437,0.670538,-0.040997,0.167568,0.283037,0.206261,-0.271535,-0.023662,-0.255010,-0.338894,0.141251,-0.584098,-0.102795,0.130455,0.349300,-0.268933,-0.185081,0.182295,0.125105,-0.837802,0.016112,-0.675066,-0.179995,-0.082212,0.268922,0.255044,0.172212,-0.273289,-0.001958,0.367583,-0.238083,0.010945,-0.047330,0.301610,-0.637615,0.049116,0.339405,0.246734,0.192210,-0.059607,-0.045857,0.256971
0.104770,0.193905,-0.035304,-0.095445,0.053667,-0.066685,0.246866,0.217667,0.594299,0.127146,0.142144,0.107503,0.232638,-0.062153,-0.114978,-0.077781,0.175409,0.072913,-0.149976,-0.123078,0.186065,-0.309036,0.079788,0.140224,0.199903,0.051566,0.096348,-0.364387,0.042011,-0.136878,-0.040997,0.182725,-0.040391,0.096758,0.090954,-0.152441,0.052883,0.157253,-0.127903,-0.083408,-0.085125,-0.156869,0.002713,0.082627,-0.022160,-0.121282,0.002321,0.118078,0.204892,0.039711,-0.051012,-0.062774,-0.022172,0.027809,0.011602,0.270868,-0.005702,0.000814,-0.061831,-0.067538,0.056119,-0.088474,-0.099437,0.107761,-0.110284,-0.110426,0.020923,0.092550,-0.054362,-0.072821,-0.057643
0.146347,0.255161,-0.323716,-0.056857,0.038561,-0.259488,-0.107127,-0.266914,-0.372857,0.342754,-0.470680,-0.086728,0.194019,0.139404,0.254968,0.359620,-0.039326,0.172549,-0.182003,0.040463,-0.184628,0.106309,0.007767,0.081074,0.181385,0.159747,0.144359,0.178640,0.056472,0.032085,0.167568,-0.040391,0.109210,0.078429,0.014035,-0.020774,-0.026667,-0.107125,-0.007693,0.108934,-0.096636,0.039665,-0.018714,0.070829,-0.096581,0.016584,0.098377,-0.014851,-0.282102,-0.022851,-0.082835,-0.060299,-0.024592,0.078238,0.033820,-0.052174,-0.002279,0.038150,0.174055,-0.094770,0.000322,-0.015989,0.045300,-0.230387,0.027795,0.128224,0.082796,0.058544,-0.023004,0.116652,0.018214
0.150442,0.494061,-0.431501,-0.196135,0.047436,-0.615146,0.100598,-0.121433,0.010484,0.459683,-0.569056,0.020647,0.518846,0.090155,0.322429,0.325224,0.101849,0.268223,-0.280808,-0.121199,-0.018564,-0.223151,0.243663,0.355827,0.506261,0.293705,0.157571,-0.170722,0.087151,-0.103695,0.283037,0.096758,0.078429,0.203627,0.144028,-0.213694,0.017370,-0.026378,-0.214801,0.038633,-0.310659,-0.130398,0.040476,0.213808,-0.153495,-0.144652,0.109287,0.121696,-0.276643,0.023937,-0.313134,-0.134713,-0.055666,0.149561,0.113977,0.230316,-0.102716,0.016346,0.162903,-0.173727,0.043680,-0.086300,0.057172,-0.251333,-0.048316,0.098726,0.138733,0.159349,-0.069629,-0.017453,0.059031
0.022591,0.308770,-0.227188,-0.153895,0.007042,-0.487215,0.131126,0.011996,0.138729,0.215988,-0.321696,0.063247,0.376904,0.009214,0.202736,0.107230,0.098253,0.149307,-0.132321,-0.138228,0.074317,-0.255438,0.255640,0.307822,0.382782,0.196608,0.035256,-0.236832,0.042486,-0.106350,0.206261,0.090954,0.014035,0.144028,0.129891,-0.186958,0.026269,0.009444,-0.206785,-0.019445,-0.258770,-0.137904,0.062416,0.167032,-0.093320,-0.146489,0.045931,0.119011,-0.154115,0.034907,-0.283780,-0.088849,-0.038155,0.102227,0.102396,0.230587,-0.117266,-0.012814,0.065876,-0.104565,0.033739,-0.060814,0.060412,-0.137283,-0.045827,0.043612,0.087817,0.110074,-0.045927,-0.095201,0.072210
-0.068623,-0.464696,0.332690,0.223553,-0.025361,0.663290,-0.210693,-0.034927,-0.269514,-0.341327,0.428993,-0.095126,-0.553317,-0.013094,-0.260000,-0.158566,-0.160242,-0.225435,0.222313,0.199108,-0.116130,0.382902,-0.343943,-0.432075,-0.551988,-0.279330,-0.082601,0.363755,-0.069774,0.162625,-0.271535,-0.152441,-0.020774,-0.213694,-0.186958,0.274738,-0.042407,-0.035711,0.292698,0.031527,0.358969,0.206426,-0.077901,-0.238904,0.134359,0.211849,-0.069817,-0.176379,0.180849,-0.050834,0.381525,0.133842,0.056250,-0.144931,-0.136562,-0.348666,0.150641,0.011885,-0.089048,0.158718,-0.055626,0.099102,-0.059338,0.175688,0.080131,-0.044674,-0.125555,-0.167369,0.073236,0.124598,-0.080792
-0.001047,0.019232,0.032700,-0.021503,0.005455,-0.003206,0.081192,0.094295,0.203140,-0.016840,0.090131,0.042723,0.042936,-0.036995,-0.055098,-0.071752,0.051670,-0.003740,-0.010173,-0.043273,0.077493,-0.103135,0.033640,0.037666,0.038426,-0.002887,-0.001655,-0.126388,0.002273,-0.042613,-0.023662,0.052883,-0.026667,0.017370,0.026269,-0.042407,0.018161,0.053333,-0.040718,-0.038312,-0.019623,-0.050445,0.008144,0.017210,0.005468,-0.039318,-0.013360,0.036423,0.082672,0.014988,-0.016339,-0.009321,-0.003190,-0.000449,0.003738,0.083758,-0.008948,-0.007316,-0.039010,-0.005471,0.014455,-0.020635,-0.025250,0.053799,-0.031915,-0.043158,-0.003729,0.017554,-0.010988,-0.042587,-0.010673
0.021025,-0.115585,0.267950,0.022658,0.032276,0.360238,0.234852,0.358993,0.732339,-0.174376,0.587748,0.119169,-0.084871,-0.142746,-0.375652,-0.332276,0.144830,-0.103132,0.016637,-0.066054,0.245438,-0.224088,-0.075801,-0.081793,-0.116359,-0.147789,0.005482,-0.330860,-0.010788,-0.095661,-0.255010,0.157253,-0.107125,-0.026378,0.009444,-0.035711,0.053333,0.214993,-0.004575,-0.131948,0.117862,-0.101365,-0.025522,-0.051330,0.083272,-0.046836,-0.076194,0.059311,0.454546,0.032259,0.161851,0.019165,0.012590,-0.073312,-0.067579,0.171216,0.066594,-0.010987,-0.194759,0.041480,0.038287,-0.047746,-0.164662,0.315544,-0.102351,-0.208688,-0.074122,0.000117,-0.017337,-0.078655,-0.113959
0.023109,-0.441728,0.317485,0.238390,0.010712,0.793949,-0.200952,-0.034635,-0.194594,-0.269269,0.494959,-0.108785,-0.570162,0.003246,-0.328964,-0.120989,-0.142555,-0.206337,0.153885,0.228016,-0.133816,0.408785,-0.437989,-0.497957,-0.592232,-0.300129,-0.002321,0.379749,-0.051463,0.165018,-0.338894,-0.127903,-0.007693,-0.214801,-0.206785,0.292698,-0.040718,-0.004575,0.338167,0.041694,0.419622,0.218692,-0.116427,-0.261712,0.137751,0.237253,-0.057009,-0.188162,0.257250,-0.058621,0.476774,0.128690,0.056805,-0.157031,-0.172751,-0.359900,0.209045,0.032994,-0.089826,0.146987,-0.046467,0.083031,-0.122310,0.215596,0.061706,-0.073711,-0.131671,-0.159819,0.063066,0.182688,-0.139891
0.116043,0.167667,-0.272103,-0.017283,0.025558,-0.174048,-0.163456,-0.294715,-0.480852,0.274243,-0.432956,-0.109829,0.094341,0.142391,0.238213,0.341762,-0.081958,0.131486,-0.128031,0.078052,-0.218493,0.189362,-0.038506,0.013191,0.087819,0.117665,0.114211,0.265904,0.040402,0.068863,0.141251,-0.083408,0.108934,0.038633,-0.019445,0.031527,-0.038312,-0.131948,0.041694,0.121271,-0.044169,0.083593,-0.025751,0.031315,-0.075916,0.056128,0.087061,-0.050567,-0.286612,-0.033277,-0.034489,-0.034525,-0.014491,0.056432,0.017438,-0.128000,0.013085,0.037479,0.168257,-0.064336,-0.014295,0.008815,0.054190,-0.221520,0.052505,0.136711,0.063775,0.024717,-0.006015,0.135490,0.019309
-0.031405,-0.703211,0.633859,0.328616,0.006689,1.225192,-0.117904,0.204034,0.184170,-0.550636,1.031388,-0.053380,-0.823237,-0.109427,-0.653721,-0.429740,-0.108022,-0.369998,0.279585,0.240385,0.004350,0.378887,-0.571153,-0.681031,-0.855604,-0.495494,-0.067301,0.272824,-0.093289,0.156125,-0.584098,-0.085125,-0.096636,-0.310659,-0.258770,0.358969,-0.019623,0.117862,0.419622,-0.044169,0.604087,0.217011,-0.144136,-0.373782,0.243448,0.269423,-0.142027,-0.205226,0.604845,-0.050796,0.683355,0.193399,0.085867,-0.255405,-0.252442,-0.361631,0.282469,0.019451,-0.258382,0.239573,-0.044336,0.093455,-0.228960,0.481507,0.028087,-0.222225,-0.226434,-0.224397,0.082522,0.144993,-0.220702
-0.007683,-0.245203,0.095410,0.145557,-0.012418,0.348354,-0.236801,-0.179519,-0.459368,-0.112882,0.061109,-0.121869,-0.337556,0.061945,-0.043370,0.059241,-0.160111,-0.094364,0.104816,0.175269,-0.192888,0.364208,-0.242480,-0.283766,-0.334900,-0.130921,-0.016001,0.393058,-0.032086,0.150503,-0.102795,-0.156869,0.039665,-0.130398,-0.137904,0.206426,-0.050445,-0.101365,0.218692,0.083593,0.217011,0.187256,-0.060079,-0.147279,0.054281,0.173524,-0.006402,-0.148545,-0.039587,-0.051670,0.230423,0.077532,0.031996,-0.070067,-0.079341,-0.311020,0.100434,0.023439,0.025646,0.080891,-0.048809,0.078158,0.000390,-0.001026,0.088222,0.046630,-0.053840,-0.106891,0.050802,0.146396,-0.033934
-0.110206,0.051018,-0.029683,-0.061073,-0.042539,-0.284918,0.037254,0.022685,-0.016965,-0.041290,-0.142882,0.041847,0.122952,-0.026204,0.124908,-0.036285,0.012876,0.011825,0.051510,-0.079589,0.057053,-0.117334,0.188413,0.166618,0.152903,0.073873,-0.092801,-0.105268,-0.012141,-0.038223,0.130455,0.002713,-0.018714,0.040476,0.062416,-0.077901,0.008144,-0.025522,-0.116427,-0.025751,-0.144136,-0.060079,0.065839,0.073423,-0.026029,-0.076361,-0.007697,0.051839,-0.116452,0.021577,-0.193150,-0.017324,-0.010752,0.040255,0.071528,0.088648,-0.104269,-0.031294,0.008844,-0.012077,-0.000165,0.000903,0.088765,-0.072512,0.005144,0.038081,0.028479,0.021272,-0.000816,-0.105627,0.089892
0.083510,0.498263,-0.437921,-0.217362,0.020725,-0.747789,0.099179,-0.124936,-0.044497,0.422081,-0.645511,0.033534,0.556684,0.080225,0.391022,0.307997,0.093420,0.264852,-0.238710,-0.150865,-0.003397,-0.256357,0.330918,0.425598,0.562220,0.323538,0.100142,-0.194170,0.076415,-0.111265,0.349300,0.082627,0.070829,0.213808,0.167032,-0.238904,0.017210,-0.051330,-0.261712,0.031315,-0.373782,-0.147279,0.073423,0.242380,-0.162989,-0.172465,0.103602,0.137472,-0.348511,0.031613,-0.404075,-0.136845,-0.058687,0.165988,0.148248,0.251629,-0.154441,-0.000042,0.169944,-0.172239,0.038623,-0.077750,0.109726,-0.293427,-0.036431,0.125480,0.149792,0.160852,-0.064846,-0.065876,0.108896
-0.127367,-0.398289,0.403821,0.142943,-0.033486,0.522511,0.006227,0.209780,0.221871,-0.408760,0.587338,0.030376,-0.393427,-0.118152,-0.337971,-0.357005,-0.028000,-0.232102,0.226117,0.054883,0.102909,0.074018,-0.171284,-0.261628,-0.388277,-0.253626,-0.134350,0.002954,-0.071234,0.040197,-0.268933,-0.022160,-0.096581,-0.153495,-0.093320,0.134359,0.005468,0.083272,0.137751,-0.075916,0.243448,0.054281,-0.026029,-0.162989,0.137117,0.079235,-0.107827,-0.062692,0.330278,-0.003610,0.249958,0.104019,0.043784,-0.128030,-0.093506,-0.101691,0.078488,-0.021744,-0.182681,0.141434,-0.020673,0.049829,-0.078421,0.275416,0.004725,-0.133315,-0.122397,-0.115644,0.046649,-0.032047,-0.063472
0.012449,-0.284782,0.166945,0.161977,0.001128,0.481849,-0.188244,-0.097485,-0.284949,-0.152001,0.226142,-0.100402,-0.381020,0.031519,-0.153523,-0.016420,-0.129024,-0.122937,0.103638,0.172936,-0.143693,0.331443,-0.291058,-0.331536,-0.390159,-0.179591,-0.002215,0.332898,-0.033622,0.134806,-0.185081,-0.121282,0.016584,-0.144652,-0.146489,0.211849,-0.039318,-0.046836,0.237253,0.056128,0.269423,0.173524,-0.076361,-0.172465,0.079235,0.175691,-0.024179,-0.143611,0.087375,-0.047582,0.300587,0.085939,0.037109,-0.094791,-0.107099,-0.286408,0.132796,0.025426,-0.022981,0.094120,-0.040213,0.067637,-0.052222,0.086422,0.063876,-0.009067,-0.076874,-0.111602,0.047522,0.144040,-0.074828
0.155710,0.313876,-0.342817,-0.090376,0.044964,-0.326524,-0.044814,-0.216791,-0.242383,0.372252,-0.469150,-0.056139,0.272500,0.123025,0.252952,0.341943,0.003402,0.194827,-0.212267,-0.000813,-0.134829,0.016240,0.057509,0.142841,0.256814,0.186901,0.154545,0.078821,0.065425,-0.005836,0.182295,0.002321,0.098377,0.109287,0.045931,-0.069817,-0.013360,-0.076194,-0.057009,0.087061,-0.142027,-0.006402,-0.007697,0.103602,-0.107827,-0.024179,0.099718,0.021181,-0.258009,-0.010383,-0.127944,-0.079030,-0.032025,0.092805,0.048864,0.025202,-0.020706,0.033926,0.164115,-0.114398,0.013529,-0.036988,0.037200,-0.221058,0.003151,0.110769,0.093898,0.084907,-0.036371,0.084361,0.019653
0.019067,0.244599,-0.134928,-0.132324,0.011787,-0.353366,0.173981,0.099289,0.299155,0.144211,-0.145553,0.086617,0.315498,-0.028156,0.092292,0.010808,0.121970,0.106072,-0.108970,-0.141243,0.127915,-0.284332,0.215092,0.258125,0.314540,0.139832,0.027274,-0.293471,0.033892,-0.118395,0.125105,0.118078,-0.014851,0.121696,0.119011,-0.176379,0.036423,0.059311,-0.188162,-0.050567,-0.205226,-0.148545,0.051839,0.137472,-0.062692,-0.143611,0.021181,0.121570,-0.030062,0.039548,-0.218962,-0.073962,-0.030873,0.073666,0.076865,0.248176,-0.091844,-0.015545,0.010573,-0.081988,0.038848,-0.064801,0.017361,-0.046931,-0.064790,-0.010757,0.060239,0.097444,-0.044449,-0.108055,0.040113
-0.072286,-0.754129,0.977696,0.269802,0.030053,1.444161,0.338630,0.814732,1.419719,-0.797716,1.784749,0.194437,-0.747457,-0.360609,-1.110931,-0.967905,0.171599,-0.481875,0.302480,0.027035,0.474632,-0.160635,-0.470825,-0.589910,-0.807138,-0.618706,-0.116514,-0.426975,-0.106284,-0.064401,-0.837802,0.204892,-0.282102,-0.276643,-0.154115,0.180849,0.082672,0.454546,0.257250,-0.286612,0.604845,-0.039587,-0.116452,-0.348511,0.330278,0.087375,-0.258009,-0.030062,1.214109,0.029785,0.711657,0.182911,0.086038,-0.312282,-0.276356,0.061386,0.275324,-0.026281,-0.550215,0.264562,0.029434,-0.004125,-0.413096,0.900663,-0.151126,-0.522234,-0.298186,-0.172349,0.038459,-0.094594,-0.316851
-0.025038,0.030537,0.012507,-0.031657,-0.005540,-0.074752,0.068233,0.072148,0.142675,-0.017365,0.026182,0.040787,0.064669,-0.031937,-0.007480,-0.057101,0.041258,0.002643,0.001987,-0.050963,0.069041,-0.103937,0.070600,0.069495,0.068288,0.017991,-0.021345,-0.117390,-0.000356,-0.040661,0.016112,0.039711,-0.022851,0.023937,0.034907,-0.050834,0.014988,0.032259,-0.058621,-0.033277,-0.050796,-0.051670,0.021577,0.031613,-0.003610,-0.047582,-0.010383,0.039548,0.029785,0.016330,-0.059894,-0.012064,-0.005347,0.010513,0.020493,0.083331,-0.031787,-0.012427,-0.024508,-0.008438,0.010809,-0.015504,0.003060,0.019460,-0.022286,-0.021291,0.005294,0.019162,-0.008787,-0.055549,0.013856
0.083807,-0.678197,0.621881,0.348217,0.052566,1.398764,-0.100612,0.212813,0.294714,-0.465275,1.128824,-0.067871,-0.847544,-0.092371,-0.749528,-0.390891,-0.082799,-0.349014,0.194779,0.275456,-0.012245,0.406833,-0.691458,-0.766403,-0.909951,-0.525642,0.033174,0.285820,-0.070767,0.157213,-0.675066,-0.051012,-0.082835,-0.313134,-0.283780,0.381525,-0.016339,0.161851,0.476774,-0.034489,0.683355,0.230423,-0.193150,-0.404075,0.249958,0.300587,-0.127944,-0.218962,0.711657,-0.059894,0.807532,0.187693,0.086983,-0.272606,-0.299654,-0.372408,0.357504,0.045650,-0.264158,0.226211,-0.032084,0.072418,-0.311835,0.539324,0.002770,-0.263617,-0.236120,-0.215305,0.069537,0.216144,-0.297575
-0.122977,-0.336737,0.300800,0.126022,-0.039496,0.386170,-0.057528,0.097034,0.007846,-0.330362,0.384464,-0.004120,-0.340687,-0.070612,-0.211261,-0.240111,-0.064848,-0.186564,0.204155,0.068634,0.028835,0.128911,-0.138199,-0.219942,-0.327535,-0.194572,-0.125284,0.092001,-0.062832,0.062942,-0.179995,-0.062774,-0.060299,-0.134713,-0.088849,0.133842,-0.009321,0.019165,0.128690,-0.034525,0.193399,0.077532,-0.017324,-0.136845,0.104019,0.085939,-0.079030,-0.073962,0.182911,-0.012064,0.187693,0.091169,0.037061,-0.098575,-0.068320,-0.140165,0.054800,-0.017042,-0.116279,0.119445,-0.029386,0.058848,-0.028315,0.169552,0.031886,-0.067026,-0.093127,-0.106849,0.047734,-0.008167,-0.028159
-0.042211,-0.137329,0.124652,0.053275,-0.012739,0.173444,-0.020613,0.043169,0.016555,-0.130914,0.169115,-0.001806,-0.142186,-0.028866,-0.096301,-0.098341,-0.023743,-0.075881,0.077955,0.030136,0.012531,0.053175,-0.065760,-0.096899,-0.139140,-0.083103,-0.044313,0.036164,-0.024287,0.025184,-0.082212,-0.022172,-0.024592,-0.055666,-0.038155,0.056250,-0.003190,0.012590,0.056805,-0.014491,0.085867,0.031996,-0.010752,-0.058687,0.043784,0.037109,-0.032025,-0.030873,0.086038,-0.005347,0.086983,0.037061,0.015635,-0.042226,-0.031875,-0.056988,0.028276,-0.005236,-0.049610,0.048400,-0.010909,0.022311,-0.018701,0.076053,0.010530,-0.032006,-0.039467,-0.043215,0.018547,0.001055,-0.017830
0.087257,0.371468,-0.364082,-0.145659,0.020460,-0.536889,0.014655,-0.169240,-0.174567,0.353568,-0.547714,-0.011176,0.387758,0.094309,0.325026,0.300852,0.035321,0.210082,-0.191364,-0.074321,-0.067615,-0.108844,0.203440,0.279600,0.389754,0.244441,0.097624,-0.045544,0.061143,-0.051102,0.268922,0.027809,0.078238,0.149561,0.102227,-0.144931,-0.000449,-0.073312,-0.157031,0.056432,-0.255405,-0.070067,0.040255,0.165988,-0.128030,-0.094791,0.092805,0.073666,-0.312282,0.010513,-0.272606,-0.098575,-0.042226,0.124498,0.101474,0.124007,-0.096656,0.010897,0.160246,-0.130264,0.020464,-0.047238,0.088121,-0.256569,-0.007404,0.122543,0.115910,0.111072,-0.043472,-0.002704,0.077031
-0.033128,0.248600,-0.234513,-0.126790,-0.021050,-0.521592,0.026743,-0.090977,-0.137002,0.173048,-0.431819,0.020055,0.309344,0.038597,0.286713,0.153270,0.023711,0.129501,-0.069342,-0.097355,-0.004918,-0.138390,0.254452,0.281075,0.333624,0.195861,-0.013995,-0.090298,0.025530,-0.052946,0.255044,0.011602,0.033820,0.113977,0.102396,-0.136562,0.003738,-0.067579,-0.172751,0.017438,-0.252442,-0.079341,0.071528,0.148248,-0.093506,-0.107099,0.048864,0.076865,-0.276356,0.020493,-0.299654,-0.068320,-0.031875,0.101474,0.111794,0.127743,-0.132867,-0.016502,0.102988,-0.082944,0.009843,-0.023854,0.120393,-0.207880,0.003477,0.103985,0.088215,0.077456,-0.024155,-0.076130,0.113153
0.056721,0.452117,-0.201441,-0.249678,0.036336,-0.581224,0.395634,0.278229,0.767384,0.250742,-0.133399,0.194544,0.590957,-0.085974,0.079547,-0.051679,0.274402,0.184966,-0.218970,-0.285795,0.304148,-0.602066,0.385453,0.472246,0.577898,0.233694,0.067175,-0.646714,0.066300,-0.252595,0.172212,0.270868,-0.052174,0.230316,0.230587,-0.348666,0.083758,0.171216,-0.359900,-0.128000,-0.361631,-0.311020,0.088648,0.251629,-0.101691,-0.286408,0.025202,0.248176,0.061386,0.083331,-0.372408,-0.140165,-0.056988,0.124007,0.127743,0.521795,-0.153567,-0.029471,-0.025688,-0.151543,0.086103,-0.139936,-0.015286,-0.010183,-0.153225,-0.074994,0.098653,0.190794,-0.092199,-0.219558,0.041603
0.127186,-0.188520,0.162999,0.129942,0.054115,0.573378,-0.046392,0.034885,0.106973,-0.057486,0.389102,-0.049702,-0.291971,0.001747,-0.287658,-0.054940,-0.022596,-0.084565,-0.012555,0.130251,-0.048394,0.186551,-0.326332,-0.319514,-0.335424,-0.182923,0.099250,0.146139,-0.002203,0.064590,-0.273289,-0.005702,-0.002279,-0.102716,-0.117266,0.150641,-0.008948,0.066594,0.209045,0.013085,0.282469,0.100434,-0.104269,-0.154441,0.078488,0.132796,-0.020706,-0.091844,0.275324,-0.031787,0.357504,0.054800,0.028276,-0.096656,-0.132867,-0.153567,0.177022,0.039634,-0.069073,0.058085,-0.004408,0.011134,-0.156737,0.191677,-0.009125,-0.098734,-0.077821,-0.063277,0.013634,0.144062,-0.152827
0.097156,0.075142,-0.092307,-0.001444,0.032952,0.025132,-0.028433,-0.074964,-0.062629,0.133319,-0.079828,-0.034927,0.030973,0.048862,0.021638,0.120354,-0.003391,0.055063,-0.088918,0.034006,-0.065218,0.054574,-0.064960,-0.028733,0.012707,0.025090,0.089057,0.068050,0.025727,0.014107,-0.001958,0.000814,0.038150,0.016346,-0.012814,0.011885,-0.007316,-0.010987,0.032994,0.037479,0.019451,0.023439,-0.031294,-0.000042,-0.021744,0.025426,0.033926,-0.015545,-0.026281,-0.012427,0.045650,-0.017042,-0.005236,0.010897,-0.016502,-0.029471,0.039634,0.024476,0.045998,-0.030241,0.004622,-0.012375,-0.028479,-0.035034,-0.002089,0.016382,0.016381,0.017315,-0.011184,0.071985,-0.034062
0.185816,0.475876,-0.575194,-0.138675,0.041375,-0.625024,-0.152792,-0.437032,-0.631594,0.566558,-0.892325,-0.119350,0.417002,0.220944,0.511773,0.592108,-0.053893,0.305822,-0.285027,0.015932,-0.275395,0.099506,0.133286,0.247436,0.412943,0.321841,0.192982,0.229403,0.090689,0.026894,0.367583,-0.061831,0.174055,0.162903,0.065876,-0.089048,-0.039010,-0.194759,-0.089826,0.168257,-0.258382,0.025646,0.008844,0.169944,-0.182681,-0.022981,0.164115,0.010573,-0.550215,-0.024508,-0.264158,-0.116279,-0.049610,0.160246,0.102988,-0.025688,-0.069073,0.045998,0.302516,-0.172321,0.002234,-0.029691,0.129903,-0.437163,0.047403,0.240285,0.160510,0.116674,-0.041716,0.132061,0.085448
