0.816798,-0.710195,-0.012986,0.373908,0.165286,-0.219403,0.595499,0.283184,0.205157,-0.107036,-0.312533,0.040390,-0.310164,-0.019614,-0.164229,-0.293523,-0.284512,-0.139878,-0.035304,-0.042953,0.135935,-0.210474,0.034120,-0.071946,-0.224438,-0.015291,0.330421,-0.247406,-0.128376,0.219224,0.047347,-0.110609,-0.094742,-0.033644,-0.013023,0.084265,-0.021557,0.153477,-0.082257,0.011773,-0.177294,-0.102364,-0.021060,-0.059959,0.033464,0.039457,0.330624,0.030593,-0.082720,-0.159129,-0.101579,0.115888,-0.330889,-0.058280,0.078510,-0.168377,0.427973,0.009403,0.034592,-0.181472,-0.126590,-0.182795,-0.050581,0.166712,-0.171569,-0.008083,0.146490,0.035646,-0.256841,0.035462,0.214916
-0.710195,1.451370,0.190831,0.094826,-0.589869,0.404897,-0.187530,0.111226,-0.003654,-0.558199,-0.039937,0.018955,0.115705,-0.132627,-0.064743,0.893866,0.188081,0.245785,-0.181239,-0.261245,-0.351560,0.086184,-0.129271,0.166653,0.334926,-0.044446,-0.303264,0.406512,0.220818,-0.045205,-0.102830,-0.129969,0.307357,-0.239164,0.125206,-0.228934,-0.004342,-0.027817,-0.075563,0.047541,-0.117748,0.366719,-0.038775,0.186552,-0.073614,-0.121290,-0.459213,0.087853,0.023418,0.290944,0.222457,-0.528753,0.374608,0.042060,-0.185690,-0.128728,-0.364827,0.006748,0.260793,0.021298,0.263730,0.181430,0.176336,0.219649,0.232905,0.126608,-0.032380,-0.128682,0.202369,-0.207237,-0.154140
-0.012986,0.190831,0.765110,-0.120711,-0.215114,0.210259,0.181079,-0.617858,0.517701,0.140242,0.380803,0.327174,-0.168456,0.497311,0.327258,0.220463,0.120556,0.152634,0.325800,-0.008839,0.296868,0.152642,0.183934,0.142807,0.034551,-0.188310,0.171197,-0.216148,-0.019604,0.192803,0.086151,-0.272749,-0.059063,-0.087294,0.057557,0.136674,0.146961,0.071022,-0.077540,0.077473,-0.042164,-0.122193,0.241735,-0.039296,-0.282973,-0.291103,0.020519,-0.080381,0.210529,-0.074937,0.115338,-0.098515,-0.131351,-0.013611,0.000143,-0.130196,0.094470,0.210418,-0.020757,0.061116,-0.218014,0.058934,0.064950,-0.099482,0.017845,0.103176,0.057145,0.315827,0.207879,-0.138053,-0.033249
0.373908,0.094826,-0.120711,0.607563,-0.281006,-0.102709,0.819856,0.650159,0.139207,-0.551691,-0.724892,-0.018471,-0.280615,-0.431436,-0.284753,0.037653,-0.270800,-0.223382,-0.212025,-0.176162,-0.221912,-0.073112,0.006593,0.013667,0.074821,0.023634,0.211810,0.028516,-0.013936,0.184763,-0.020050,-0.124316,0.126695,-0.143627,0.018524,-0.025180,-0.023869,0.175703,0.036531,-0.023638,-0.193279,0.219429,-0.134357,-0.045757,0.121525,0.056667,0.065087,0.195893,-0.058582,0.108009,0.046476,-0.217481,-0.041019,-0.031894,-0.176705,-0.321435,0.208415,-0.027303,0.269274,-0.212663,0.089475,-0.150804,0.097860,0.381197,-0.119948,0.091018,0.054782,-0.137896,-0.326521,-0.046655,0.168306
0.165286,-0.589869,-0.215114,-0.281006,0.470813,-0.077243,-0.491813,-0.153581,-0.190150,0.386208,0.326693,-0.097334,0.135662,0.182831,0.027759,-0.280918,0.050381,0.074913,0.033224,0.115986,0.145830,-0.145170,-0.078075,-0.079116,-0.202611,0.018673,-0.148697,-0.077632,-0.041194,-0.125721,0.012474,0.164818,-0.120373,0.168422,-0.057099,0.034413,-0.047519,-0.099169,-0.063087,-0.013008,0.123651,-0.224686,0.045719,0.028432,0.015747,0.108227,0.099447,-0.125004,-0.113950,-0.157651,-0.178151,0.320904,-0.099649,-0.003817,0.250138,0.263809,0.003723,-0.076555,-0.214814,0.054345,-0.092527,-0.010806,-0.161487,-0.196316,-0.010532,-0.111987,0.035058,0.020910,0.081924,0.095337,-0.027176
-0.219403,0.404897,0.210259,-0.102709,-0.077243,0.296541,-0.232010,-0.126753,0.136189,-0.009940,0.214094,0.044101,0.015062,0.151421,0.101474,0.336638,0.150943,0.163648,0.062292,-0.093558,-0.040608,0.029778,-0.031033,0.151814,0.133542,-0.112097,-0.325663,0.074274,0.075401,-0.024861,-0.022054,-0.074135,0.115100,-0.010968,0.021020,0.015473,0.071105,-0.037408,-0.079540,0.066021,0.088319,0.002470,0.162532,0.087203,-0.126428,-0.056507,-0.203143,-0.020134,-0.013684,0.039040,0.004301,-0.068432,0.091671,0.015588,0.085921,0.042483,-0.177873,-0.008062,0.040634,0.029795,-0.051579,0.047041,0.023576,-0.014674,0.055102,0.069522,0.053147,0.066645,0.222203,-0.127820,-0.106084
0.595499,-0.187530,0.181079,0.819856,-0.491813,-0.232010,1.622212,0.570768,0.524221,-0.535578,-1.023863,0.176292,-0.544914,-0.476761,-0.150160,-0.274201,-0.385456,-0.488059,-0.026894,-0.115282,-0.096778,0.120056,0.259694,0.068310,0.139419,-0.035870,0.607202,-0.215753,-0.106887,0.388315,0.080360,-0.254440,0.059270,-0.142419,-0.014516,0.174390,0.078063,0.333465,0.211370,-0.088834,-0.182231,0.193468,-0.078168,-0.275202,0.096638,-0.041164,0.237103,0.282973,0.120954,0.114531,0.122562,-0.243155,-0.176167,-0.064983,-0.355738,-0.563626,0.435849,0.102875,0.322025,-0.255208,-0.066451,-0.268466,0.172164,0.423209,-0.292947,0.195499,0.020620,0.011854,-0.522426,-0.063574,0.269890
0.283184,0.111226,-0.617858,0.650159,-0.153581,-0.126753,0.570768,1.157319,-0.231948,-0.637926,-0.921077,-0.300381,-0.207320,-0.747262,-0.467704,0.026109,-0.392090,-0.334280,-0.348449,-0.175025,-0.465157,-0.077633,-0.093376,-0.066772,0.152736,0.169039,-0.113170,0.199025,-0.036214,0.043017,-0.149229,-0.014100,0.194716,-0.116531,-0.009964,-0.117865,-0.011789,0.075679,0.060884,0.128795,-0.119484,0.321285,-0.221715,0.073997,0.270244,0.245462,-0.012015,0.249281,-0.174439,0.125426,-0.021618,-0.106615,0.077990,0.021125,-0.173867,-0.207176,0.053893,-0.188831,0.353536,-0.267239,0.238921,-0.172863,0.128691,0.389406,-0.127009,-0.011046,0.037958,-0.327973,-0.363210,0.049333,0.186470
0.205157,-0.003654,0.517701,0.139207,-0.190150,0.136189,0.524221,-0.231948,0.530581,-0.018501,-0.022995,0.257730,-0.254371,0.197052,0.171731,0.045034,0.028150,-0.008777,0.184779,-0.070145,0.147184,0.068408,0.155120,0.177784,0.066335,-0.190831,0.140239,-0.197039,-0.010030,0.207002,0.096613,-0.207718,0.021799,-0.028330,0.005315,0.182329,0.105335,0.140072,-0.002907,-0.037661,0.006668,-0.070727,0.197035,-0.113553,-0.163406,-0.154407,0.034703,0.028222,0.098084,-0.005834,0.039222,-0.088774,-0.128492,-0.042449,-0.003890,-0.193669,0.148782,0.120975,0.052902,-0.036446,-0.219983,-0.075170,0.036246,0.070868,-0.098856,0.160129,0.078140,0.213080,0.016585,-0.151296,0.019791
-0.107036,-0.558199,0.140242,-0.551691,0.386208,-0.009940,-0.535578,-0.637926,-0.018501,0.693683,0.626430,0.048669,0.148598,0.434483,0.334637,-0.347404,0.171318,0.067915,0.320793,0.249559,0.326611,0.112573,0.100600,-0.025994,-0.117585,-0.033597,-0.089343,-0.202716,-0.077900,-0.113851,0.061304,0.108009,-0.207923,0.210940,-0.066337,0.154944,0.079516,-0.127041,0.028594,0.030115,0.251004,-0.321783,0.186357,-0.053191,-0.111808,-0.037277,0.089946,-0.183768,0.090453,-0.187502,-0.098058,0.369025,-0.094609,0.017250,0.188862,0.288819,-0.061883,0.044884,-0.298839,0.177878,-0.214774,0.053273,-0.112878,-0.421431,-0.007432,-0.092204,-0.039840,0.214620,0.227256,0.089621,-0.095032
-0.312533,-0.039937,0.380803,-0.724892,0.326693,0.214094,-1.023863,-0.921077,-0.022995,0.626430,1.045567,0.109506,0.269089,0.741913,0.366810,0.151320,0.335612,0.415220,0.294615,0.147905,0.372300,0.010181,-0.025541,0.005145,-0.159395,-0.092321,-0.219607,-0.086832,0.017014,-0.139512,0.031092,0.027102,-0.165258,0.092650,0.026669,0.014387,0.040292,-0.188432,-0.185511,0.096088,0.120908,-0.308857,0.225084,0.123624,-0.255164,-0.160778,-0.051517,-0.289282,0.070438,-0.198502,-0.044751,0.215634,-0.044065,0.027957,0.287452,0.348046,-0.169346,0.084438,-0.320193,0.237921,-0.157310,0.209882,-0.119353,-0.439558,0.185285,-0.100876,0.019429,0.246459,0.483435,0.000440,-0.190395
0.040390,0.018955,0.327174,-0.018471,-0.097334,0.044101,0.176292,-0.300381,0.257730,0.048669,0.109506,0.177351,-0.062542,0.189100,0.126644,0.023488,0.077279,0.058766,0.100480,-0.008407,0.138013,0.023801,0.073157,0.071456,-0.017291,-0.101439,0.164116,-0.105353,0.014273,0.091945,0.076667,-0.081772,-0.026412,-0.014512,0.014627,0.072466,0.013275,0.063614,-0.008288,-0.080086,-0.024388,-0.058769,0.077329,-0.074323,-0.101176,-0.118599,0.028685,-0.023792,0.076428,-0.003629,0.043023,-0.070458,-0.064548,-0.029871,-0.003957,-0.077399,0.079424,0.097777,-0.035668,0.029733,-0.104640,0.006667,-0.007494,-0.002868,-0.005458,0.075516,0.014260,0.127054,0.033737,-0.072368,-0.015889
-0.310164,0.115705,-0.168456,-0.280615,0.135662,0.015062,-0.544914,-0.207320,-0.254371,0.148598,0.269089,-0.062542,0.285985,0.052119,0.011322,0.030182,0.196872,0.158920,-0.090515,0.044376,-0.024122,-0.071562,-0.126625,-0.026875,-0.053224,0.024352,-0.140412,0.140988,0.094402,-0.185796,0.003507,0.191329,0.001388,0.084820,-0.008550,-0.088741,-0.115893,-0.106011,-0.007174,-0.136939,0.074485,-0.022681,-0.057677,0.032326,0.033465,0.049046,-0.116332,-0.073631,-0.063448,0.046838,-0.032308,0.017770,0.135892,0.003791,0.079115,0.201473,-0.186741,-0.049082,-0.144183,0.119018,0.079711,0.100836,-0.097692,-0.102803,0.120308,-0.040762,-0.066148,-0.074272,0.112319,0.022088,-0.126291
-0.019614,-0.132627,0.497311,-0.431436,0.182831,0.151421,-0.476761,-0.747262,0.197052,0.434483,0.741913,0.189100,0.052119,0.648136,0.309643,0.099770,0.192201,0.290535,0.291860,0.087718,0.377505,0.007847,0.051978,0.027887,-0.150666,-0.122380,0.000199,-0.186678,-0.026615,0.022731,0.060104,-0.096381,-0.154778,0.022470,0.034512,0.070878,0.067214,-0.065219,-0.166316,0.090814,0.019087,-0.266886,0.217090,0.053905,-0.251398,-0.193715,0.054768,-0.211204,0.098793,-0.193817,-0.012844,0.135996,-0.150887,0.000409,0.204120,0.146622,0.022983,0.129119,-0.211896,0.135716,-0.201240,0.117237,-0.069002,-0.285026,0.089955,-0.037565,0.063233,0.273186,0.323732,-0.032949,-0.084408
-0.164229,-0.064743,0.327258,-0.284753,0.027759,0.101474,-0.150160,-0.467704,0.171731,0.334637,0.366810,0.126644,0.011322,0.309643,0.281850,-0.049258,0.129144,0.050302,0.268480,0.107415,0.198277,0.169115,0.129570,0.062643,0.034716,-0.076878,-0.029706,-0.133367,-0.032383,0.002721,0.045646,-0.048983,-0.082116,0.063516,-0.013457,0.122812,0.113711,-0.038268,0.026890,0.052586,0.135084,-0.146430,0.174944,-0.044178,-0.142743,-0.117941,-0.004576,-0.084206,0.137847,-0.069730,0.020686,0.102145,-0.032727,0.013988,0.038683,0.072045,-0.053643,0.089846,-0.107275,0.107554,-0.155365,0.048618,0.005220,-0.222234,0.000616,0.011180,-0.022880,0.197245,0.180818,-0.018045,-0.070740
-0.293523,0.893866,0.220463,0.037653,-0.280918,0.336638,-0.274201,0.026109,0.045034,-0.347404,0.151320,0.023488,0.030182,0.099770,-0.049258,0.714139,0.106159,0.284554,-0.092714,-0.213512,-0.147062,-0.044571,-0.129138,0.103496,0.133013,-0.062342,-0.261671,0.223456,0.125548,0.008328,-0.084694,-0.161215,0.180323,-0.197136,0.111058,-0.167333,0.011859,-0.029697,-0.194516,0.135883,-0.144275,0.170500,0.037320,0.216932,-0.124276,-0.110299,-0.264763,-0.003694,-0.029389,0.091629,0.105195,-0.300162,0.149231,0.027251,0.001664,-0.056383,-0.180407,0.007206,0.158065,-0.012389,0.126246,0.130405,0.093111,0.130274,0.177866,0.052133,0.072106,-0.033564,0.224898,-0.154423,-0.083683
-0.284512,0.188081,0.120556,-0.270800,0.050381,0.150943,-0.385456,-0.392090,0.028150,0.171318,0.335612,0.077279,0.196872,0.192201,0.129144,0.106159,0.280776,0.206830,0.007032,-0.004664,0.042770,-0.044213,-0.068838,0.103906,0.001923,-0.104786,-0.161028,0.067599,0.121935,-0.111445,0.057832,0.104060,0.039527,0.094714,-0.009510,0.010035,-0.065213,-0.052042,-0.018791,-0.181966,0.123500,-0.071675,0.078960,-0.016747,-0.072283,-0.030341,-0.158363,-0.071687,-0.029911,0.062178,-0.024791,-0.032628,0.106354,-0.018638,0.115183,0.141951,-0.172962,0.002176,-0.136110,0.124622,-0.047579,0.077173,-0.097191,-0.082604,0.088367,0.060086,-0.023076,0.043924,0.179762,-0.085560,-0.160384
-0.139878,0.245785,0.152634,-0.223382,0.074913,0.163648,-0.488059,-0.334280,-0.008777,0.067915,0.415220,0.058766,0.158920,0.290535,0.050302,0.284554,0.206830,0.309128,-0.030566,-0.057137,0.076518,-0.142299,-0.128016,0.042610,-0.087080,-0.079692,-0.132203,0.073345,0.099977,-0.065002,0.015386,0.018521,0.019060,-0.010032,0.044308,-0.077363,-0.076546,-0.058246,-0.161136,-0.056485,-0.033802,-0.062916,0.051256,0.099553,-0.107338,-0.064253,-0.109308,-0.111468,-0.060640,-0.013382,-0.016873,-0.057847,0.032516,-0.011147,0.158822,0.121808,-0.096187,0.011346,-0.104350,0.080766,-0.003637,0.111171,-0.083047,-0.048895,0.143391,0.004320,0.046194,0.034835,0.215558,-0.075446,-0.112406
-0.035304,-0.181239,0.325800,-0.212025,0.033224,0.062292,-0.026894,-0.348449,0.184779,0.320793,0.294615,0.100480,-0.090515,0.291860,0.268480,-0.092714,0.007032,-0.030566,0.322385,0.125565,0.217794,0.213722,0.180598,0.021852,0.035775,-0.039868,0.008075,-0.193871,-0.105196,0.057128,0.015814,-0.118860,-0.117173,0.026530,-0.009618,0.139302,0.177385,-0.028294,0.020943,0.183213,0.100516,-0.148434,0.182721,-0.023117,-0.142377,-0.121578,0.072776,-0.072348,0.168518,-0.130848,0.025754,0.156622,-0.101114,0.029789,0.010877,0.028104,0.019505,0.098209,-0.057916,0.060322,-0.166964,0.019348,0.054052,-0.231288,-0.042042,-0.025923,-0.001077,0.216813,0.144693,0.021864,-0.002585
-0.042953,-0.261245,-0.008839,-0.176162,0.115986,-0.093558,-0.115282,-0.175025,-0.070145,0.249559,0.147905,-0.008407,0.044376,0.087718,0.107415,-0.213512,-0.004664,-0.057137,0.125565,0.137065,0.115355,0.096672,0.074025,-0.067595,-0.043129,0.046920,0.065964,-0.087346,-0.066947,-0.034977,0.010576,0.043891,-0.113989,0.061419,-0.025642,0.045409,0.038586,-0.046050,0.057879,0.041947,0.066577,-0.090853,0.012584,-0.038151,-0.000399,-0.008552,0.085548,-0.051706,0.075401,-0.075195,-0.006988,0.147718,-0.040616,0.016999,-0.005362,0.080495,0.008127,0.028233,-0.096454,0.060239,-0.040645,0.018630,-0.009981,-0.170138,-0.015479,-0.067390,-0.052233,0.057867,0.019578,0.087315,0.002172
0.135935,-0.351560,0.296868,-0.221912,0.145830,-0.040608,-0.096778,-0.465157,0.147184,0.326611,0.372300,0.138013,-0.024122,0.377505,0.198277,-0.147062,0.042770,0.076518,0.217794,0.115355,0.302828,0.027647,0.096367,-0.033327,-0.148668,-0.048850,0.184337,-0.212414,-0.073973,0.059693,0.066305,-0.056435,-0.169564,0.031259,0.003194,0.088555,0.043494,-0.005010,-0.050357,0.034791,-0.006263,-0.202153,0.103663,-0.038687,-0.124908,-0.118231,0.158256,-0.123246,0.100061,-0.159311,-0.009868,0.142694,-0.174217,-0.010717,0.086587,0.050767,0.130823,0.108387,-0.156626,0.070314,-0.156945,0.031801,-0.047567,-0.192406,-0.001999,-0.040323,0.020969,0.191633,0.098611,0.031543,0.006468
-0.210474,0.086184,0.152642,-0.073112,-0.145170,0.029778,0.120056,-0.077633,0.068408,0.112573,0.010181,0.023801,-0.071562,0.007847,0.169115,-0.044571,-0.044213,-0.142299,0.213722,0.096672,0.027647,0.286645,0.173133,0.010881,0.160071,0.030652,0.000238,-0.064816,-0.078126,0.027463,-0.026331,-0.088767,-0.037461,-0.014277,-0.007344,0.077834,0.165091,-0.021628,0.114590,0.169750,0.088780,0.016635,0.075259,-0.031830,-0.044889,-0.073521,-0.007405,0.021022,0.177492,-0.010699,0.088795,0.036800,0.030437,0.046705,-0.141938,-0.041171,-0.060579,0.063824,0.052909,0.033631,-0.033276,0.017650,0.126224,-0.132740,-0.038186,-0.011088,-0.068300,0.094688,0.043890,0.033965,0.006043
0.034120,-0.129271,0.183934,0.006593,-0.078075,-0.031033,0.259694,-0.093376,0.155120,0.100600,-0.025541,0.073157,-0.126625,0.051978,0.129570,-0.129138,-0.068838,-0.128016,0.180598,0.074025,0.096367,0.173133,0.158468,0.006265,0.055599,-0.005221,0.127036,-0.137833,-0.084144,0.085084,0.017844,-0.095043,-0.065699,-0.006714,-0.010893,0.102358,0.115477,0.032386,0.075935,0.090794,0.032474,-0.037185,0.068687,-0.069115,-0.046339,-0.071380,0.083584,0.012481,0.134374,-0.045958,0.048788,0.049676,-0.069380,0.012002,-0.086073,-0.076859,0.071837,0.074687,0.020979,0.000424,-0.085626,-0.027463,0.070702,-0.075013,-0.071715,0.007242,-0.022170,0.112762,-0.021169,0.021635,0.045180
-0.071946,0.166653,0.142807,0.013667,-0.079116,0.151814,0.068310,-0.066772,0.177784,-0.025994,0.005145,0.071456,-0.026875,0.027887,0.062643,0.103496,0.103906,0.042610,0.021852,-0.067595,-0.033327,0.010881,0.006265,0.135910,0.094949,-0.106359,-0.132784,0.014963,0.061551,0.011501,0.030614,-0.025068,0.088796,0.030594,-0.011064,0.063934,0.023998,0.027836,0.008113,-0.071056,0.086647,-0.000815,0.103013,-0.030093,-0.056854,-0.020975,-0.112421,0.025402,-0.014331,0.066188,-0.007868,-0.064257,0.049463,-0.015436,0.034777,-0.021554,-0.070425,-0.001192,0.025153,0.006225,-0.071586,-0.021085,-0.006014,0.046489,-0.017633,0.099813,0.024761,0.045532,0.061828,-0.106447,-0.060596
-0.224438,0.334926,0.034551,0.074821,-0.202611,0.133542,0.139419,0.152736,0.066335,-0.117585,-0.159395,-0.017291,-0.053224,-0.150666,0.034716,0.133013,0.001923,-0.087080,0.035775,-0.043129,-0.148668,0.160071,0.055599,0.094949,0.219517,-0.015069,-0.174922,0.075330,0.020005,-0.001403,-0.039470,-0.054399,0.110517,-0.020057,-0.005554,0.030450,0.097176,0.001651,0.080445,0.070420,0.091109,0.110287,0.055322,0.000999,-0.005433,-0.003231,-0.144605,0.082711,0.048086,0.098925,0.055427,-0.084940,0.125294,0.027881,-0.102682,-0.062687,-0.137550,-0.015028,0.130304,-0.015998,0.020482,-0.011886,0.101735,0.040892,-0.025411,0.062251,-0.028103,-0.009804,0.024257,-0.054948,-0.029359
-0.015291,-0.044446,-0.188310,0.023634,0.018673,-0.112097,-0.035870,0.169039,-0.190831,-0.033597,-0.092321,-0.101439,0.024352,-0.122380,-0.076878,-0.062342,-0.104786,-0.079692,-0.039868,0.046920,-0.048850,0.030652,-0.005221,-0.106359,-0.015069,0.111047,0.047927,0.035228,-0.046442,-0.029186,-0.050462,0.028626,-0.037588,-0.030135,0.004779,-0.064627,-0.003605,-0.032162,0.025656,0.082836,-0.048301,0.052746,-0.100387,0.033768,0.076001,0.043074,0.049859,0.011958,0.011113,-0.018614,0.018313,0.034239,0.011810,0.025371,-0.069267,0.009477,0.007295,-0.022448,0.024406,-0.016033,0.096545,0.012802,0.035630,-0.018580,0.009307,-0.080360,-0.038433,-0.075682,-0.066207,0.091335,0.047922
0.330421,-0.303264,0.171197,0.211810,-0.148697,-0.325663,0.607202,-0.113170,0.140239,-0.089343,-0.219607,0.164116,-0.140412,0.000199,-0.029706,-0.261671,-0.161028,-0.132203,0.008075,0.065964,0.184337,0.000238,0.127036,-0.132784,-0.174922,0.047927,0.695041,-0.190623,-0.083415,0.193252,0.093224,-0.079509,-0.162828,-0.102681,0.031562,0.007385,-0.070737,0.146205,0.059731,-0.118155,-0.256585,0.006447,-0.163869,-0.159913,0.035702,-0.112256,0.297139,0.018476,0.137229,-0.040182,0.109971,-0.101084,-0.192925,-0.047998,-0.188889,-0.233519,0.357243,0.154706,-0.018365,-0.035279,0.005914,-0.029080,0.019953,0.082070,-0.046457,-0.002769,-0.044588,0.044055,-0.268092,0.070880,0.152285
-0.247406,0.406512,-0.216148,0.028516,-0.077632,0.074274,-0.215753,0.199025,-0.197039,-0.202716,-0.086832,-0.105353,0.140988,-0.186678,-0.133367,0.223456,0.067599,0.073345,-0.193871,-0.087346,-0.212414,-0.064816,-0.137833,0.014963,0.075330,0.035228,-0.190623,0.224749,0.103860,-0.108746,-0.052877,0.086072,0.126752,-0.024889,0.017482,-0.128775,-0.081422,-0.044532,-0.012358,-0.056558,-0.008110,0.143372,-0.093143,0.076555,0.071370,0.070894,-0.177845,0.039979,-0.092817,0.127124,0.013164,-0.134512,0.180161,0.011437,-0.021305,0.040191,-0.174653,-0.081643,0.058886,0.003458,0.157522,0.048480,0.001937,0.099588,0.086934,0.010293,-0.027584,-0.157032,0.018208,-0.030733,-0.064923
-0.128376,0.220818,-0.019604,-0.013936,-0.041194,0.075401,-0.106887,-0.036214,-0.010030,-0.077900,0.017014,0.014273,0.094402,-0.026615,-0.032383,0.125548,0.121935,0.099977,-0.105196,-0.066947,-0.073973,-0.078126,-0.084144,0.061551,0.020005,-0.046442,-0.083415,0.103860,0.097634,-0.052183,0.018556,0.060806,0.080277,0.016318,0.004572,-0.039407,-0.076849,-0.001218,-0.014483,-0.137012,0.015912,0.040268,-0.016004,0.001016,0.005941,0.015327,-0.116327,0.007817,-0.063096,0.089951,-0.005063,-0.102918,0.092735,-0.018352,0.030511,0.024198,-0.089602,-0.026808,-0.011640,0.025485,0.035382,0.024694,-0.043522,0.067573,0.051169,0.055505,-0.005012,-0.050063,0.032433,-0.066898,-0.071132
0.219224,-0.045205,0.192803,0.184763,-0.125721,-0.024861,0.388315,0.043017,0.207002,-0.113851,-0.139512,0.091945,-0.185796,0.022731,0.002721,0.008328,-0.111445,-0.065002,0.057128,-0.034977,0.059693,0.027463,0.085084,0.011501,-0.001403,-0.029186,0.193252,-0.108746,-0.052183,0.149292,0.019016,-0.144736,-0.018917,-0.082348,0.022769,0.045238,0.051447,0.088764,-0.013819,0.054716,-0.103381,0.011966,0.021935,-0.032732,-0.042278,-0.073600,0.098258,0.033975,0.061146,-0.031373,0.046640,-0.058719,-0.110444,-0.013618,-0.063919,-0.161100,0.163077,0.067663,0.078662,-0.067813,-0.051494,-0.047142,0.057930,0.079565,-0.056944,0.035994,0.042984,0.066953,-0.076529,-0.025620,0.084746
0.047347,-0.102830,0.086151,-0.020050,0.012474,-0.022054,0.080360,-0.149229,0.096613,0.061304,0.031092,0.076667,0.003507,0.060104,0.045646,-0.084694,0.057832,0.015386,0.015814,0.010576,0.066305,-0.026331,0.017844,0.030614,-0.039470,-0.050462,0.093224,-0.052877,0.018556,0.019016,0.058287,0.021456,-0.019378,0.039455,-0.013294,0.046947,-0.032116,0.033410,0.019973,-0.116496,0.017884,-0.050102,0.018663,-0.071299,-0.017147,-0.021236,0.026980,-0.010832,0.006541,0.008346,-0.010515,-0.005553,-0.030471,-0.027407,0.020719,-0.009385,0.044264,0.028639,-0.056277,0.022757,-0.058698,-0.014750,-0.045402,0.001062,-0.017078,0.040914,-0.003954,0.041630,-0.017881,-0.025687,-0.015300
-0.110609,-0.129969,-0.272749,-0.124316,0.164818,-0.074135,-0.254440,-0.014100,-0.207718,0.108009,0.027102,-0.081772,0.191329,-0.096381,-0.048983,-0.161215,0.104060,0.018521,-0.118860,0.043891,-0.056435,-0.088767,-0.095043,-0.025068,-0.054399,0.028626,-0.079509,0.086072,0.060806,-0.144736,0.021456,0.207439,0.004884,0.123093,-0.045391,-0.027812,-0.115267,-0.051541,0.054407,-0.182195,0.099763,-0.024264,-0.073161,-0.039165,0.096402,0.112937,-0.044190,-0.014759,-0.093710,0.051514,-0.073976,0.064379,0.085790,-0.013924,0.062269,0.144684,-0.096991,-0.076960,-0.112275,0.057742,0.044413,0.005899,-0.106799,-0.031893,0.021836,-0.017912,-0.055893,-0.097691,-0.025359,0.037028,-0.066205
-0.094742,0.307357,-0.059063,0.126695,-0.120373,0.115100,0.059270,0.194716,0.021799,-0.207923,-0.165258,-0.026412,0.001388,-0.154778,-0.082116,0.180323,0.039527,0.019060,-0.117173,-0.113989,-0.169564,-0.037461,-0.065699,0.088796,0.110517,-0.037588,-0.162828,0.126752,0.080277,-0.018917,-0.019378,0.004884,0.139469,-0.017284,0.003668,-0.029849,-0.022197,0.018873,0.000825,-0.055065,0.020719,0.106777,-0.002573,0.022204,0.023758,0.040238,-0.145242,0.068765,-0.070357,0.114141,0.002933,-0.128224,0.110666,-0.005369,-0.012881,-0.040812,-0.097885,-0.053860,0.095437,-0.036076,0.050435,-0.017660,0.016714,0.138422,0.008574,0.073849,0.015516,-0.076867,-0.005413,-0.082783,-0.036751
-0.033644,-0.239164,-0.087294,-0.143627,0.168422,-0.010968,-0.142419,-0.116531,-0.028330,0.210940,0.092650,-0.014512,0.084820,0.022470,0.063516,-0.197136,0.094714,-0.010032,0.026530,0.061419,0.031259,-0.014277,-0.006714,0.030594,-0.020057,-0.030135,-0.102681,-0.024889,0.016318,-0.082348,0.039455,0.123093,-0.017284,0.139839,-0.057070,0.072410,-0.020776,-0.031692,0.056245,-0.110576,0.157779,-0.097388,0.048971,-0.063533,0.019084,0.063485,-0.014103,-0.024850,-0.040060,-0.002180,-0.082329,0.128057,0.016300,-0.012003,0.089756,0.120824,-0.059709,-0.039730,-0.108587,0.052130,-0.073826,-0.026281,-0.084506,-0.085845,-0.034698,0.008468,-0.021881,0.016489,0.023951,0.009640,-0.056098
-0.013023,0.125206,0.057557,0.018524,-0.057099,0.021020,-0.014516,-0.009964,0.005315,-0.066337,0.026669,0.014627,-0.008550,0.034512,-0.013457,0.111058,-0.009510,0.044308,-0.009618,-0.025642,0.003194,-0.007344,-0.010893,-0.011064,-0.005554,0.004779,0.031562,0.017482,0.004572,0.022769,-0.013294,-0.045391,0.003668,-0.057070,0.029188,-0.039905,-0.001264,0.002674,-0.041231,0.038100,-0.067998,0.028833,-0.014905,0.037256,-0.022209,-0.036859,-0.005613,-0.007671,0.013841,-0.002982,0.033702,-0.056562,-0.002354,0.004330,-0.018494,-0.029862,0.010905,0.020695,0.025264,-0.005931,0.030238,0.028949,0.023609,0.020024,0.035087,-0.006272,0.010666,0.000145,0.020310,-0.009629,0.007094
0.084265,-0.228934,0.136674,-0.025180,0.034413,0.015473,0.174390,-0.117865,0.182329,0.154944,0.014387,0.072466,-0.088741,0.070878,0.122812,-0.167333,0.010035,-0.077363,0.139302,0.045409,0.088555,0.077834,0.102358,0.063934,0.030450,-0.064627,0.007385,-0.128775,-0.039407,0.045238,0.046947,-0.027812,-0.029849,0.072410,-0.039905,0.137369,0.073994,0.031180,0.059298,-0.012568,0.111243,-0.092940,0.114215,-0.086997,-0.045658,-0.019815,0.043881,0.003058,0.048041,-0.032939,-0.029264,0.092266,-0.063585,-0.010509,0.024091,-0.011853,0.041437,0.028541,-0.029455,0.006569,-0.140493,-0.059405,-0.007089,-0.058579,-0.088958,0.043589,0.009034,0.108518,0.002728,-0.019539,0.002866
-0.021557,-0.004342,0.146961,-0.023869,-0.047519,0.071105,0.078063,-0.011789,0.105335,0.079516,0.040292,0.013275,-0.115893,0.067214,0.113711,0.011859,-0.065213,-0.076546,0.177385,0.038586,0.043494,0.165091,0.115477,0.023998,0.097176,-0.003605,-0.070737,-0.081422,-0.076849,0.051447,-0.032116,-0.115267,-0.022197,-0.020776,-0.001264,0.073994,0.150493,-0.011617,0.019372,0.193909,0.055782,-0.024298,0.109930,0.019345,-0.067774,-0.052232,0.012503,0.002847,0.096377,-0.058985,0.028298,0.069423,-0.034942,0.034162,-0.034516,-0.028221,-0.008957,0.034138,0.055864,-0.010800,-0.069129,-0.010638,0.087919,-0.087358,-0.046552,-0.012282,0.011606,0.097952,0.064881,0.007710,0.024513
0.153477,-0.027817,0.071022,0.175703,-0.099169,-0.037408,0.333465,0.075679,0.140072,-0.127041,-0.188432,0.063614,-0.106011,-0.065219,-0.038268,-0.029697,-0.052042,-0.058246,-0.028294,-0.046050,-0.005010,-0.021628,0.032386,0.027836,0.001651,-0.032162,0.146205,-0.044532,-0.001218,0.088764,0.033410,-0.051541,0.018873,-0.031692,0.002674,0.031180,-0.011617,0.082137,0.019641,-0.062813,-0.057833,0.030635,-0.015379,-0.060603,0.008060,-0.018122,0.046672,0.050251,0.006419,0.029069,0.019558,-0.076100,-0.046487,-0.026300,-0.049252,-0.121549,0.106755,0.026800,0.052535,-0.051455,-0.022720,-0.053382,0.012991,0.111673,-0.049706,0.057287,0.018427,0.006500,-0.103546,-0.035444,0.047536
-0.082257,-0.075563,-0.077540,0.036531,-0.063087,-0.079540,0.211370,0.060884,-0.002907,0.028594,-0.185511,-0.008288,-0.007174,-0.166316,0.026890,-0.194516,-0.018791,-0.161136,0.020943,0.057879,-0.050357,0.114590,0.075935,0.008113,0.080445,0.025656,0.059731,-0.012358,-0.014483,-0.013819,0.019973,0.054407,0.000825,0.056245,-0.041231,0.059298,0.019372,0.019641,0.147831,-0.068140,0.089296,0.032382,-0.026385,-0.105119,0.065529,0.034951,0.004435,0.060325,0.050606,0.061629,0.018791,0.012350,0.049141,0.000722,-0.103479,-0.031416,-0.020868,-0.001735,0.012354,0.010009,-0.000299,-0.041361,0.023849,-0.005650,-0.064389,0.026334,-0.074653,-0.018271,-0.099902,0.027394,0.005330
0.011773,0.047541,0.077473,-0.023638,-0.013008,0.066021,-0.088834,0.128795,-0.037661,0.030115,0.096088,-0.080086,-0.136939,0.090814,0.052586,0.135883,-0.181966,-0.056485,0.183213,0.041947,0.034791,0.169750,0.090794,-0.071056,0.070420,0.082836,-0.118155,-0.056558,-0.137012,0.054716,-0.116496,-0.182195,-0.055065,-0.110576,0.038100,-0.012568,0.193909,-0.062813,-0.068140,0.413981,-0.042524,0.005419,0.076211,0.151735,-0.071268,-0.056149,0.049347,-0.025215,0.100641,-0.141545,0.045183,0.108298,-0.066663,0.073745,-0.037664,-0.011472,0.002049,0.022105,0.107054,-0.044973,0.005864,0.029936,0.145806,-0.122758,-0.003175,-0.112900,0.041021,0.069723,0.106524,0.072172,0.076460
-0.177294,-0.117748,-0.042164,-0.193279,0.123651,0.088319,-0.182231,-0.119484,0.006668,0.251004,0.120908,-0.024388,0.074485,0.019087,0.135084,-0.144275,0.123500,-0.033802,0.100516,0.066577,-0.006263,0.088780,0.032474,0.086647,0.091109,-0.048301,-0.256585,-0.008110,0.015912,-0.103381,0.017884,0.099763,0.020719,0.157779,-0.067998,0.111243,0.055782,-0.057833,0.089296,-0.042524,0.252184,-0.087820,0.123950,-0.052076,-0.011237,0.056754,-0.093813,-0.010947,-0.007224,0.017414,-0.072518,0.143732,0.073014,0.010059,0.077635,0.139363,-0.158712,-0.047812,-0.075205,0.067153,-0.098867,-0.022625,-0.042367,-0.131119,-0.046391,0.026686,-0.032092,0.047181,0.094439,-0.013255,-0.090919
-0.102364,0.366719,-0.122193,0.219429,-0.224686,0.002470,0.193468,0.321285,-0.070727,-0.321783,-0.308857,-0.058769,-0.022681,-0.266886,-0.146430,0.170500,-0.071675,-0.062916,-0.148434,-0.090853,-0.202153,0.016635,-0.037185,-0.000815,0.110287,0.052746,0.006447,0.143372,0.040268,0.011966,-0.050102,-0.024264,0.106777,-0.097388,0.028833,-0.092940,-0.024298,0.030635,0.032382,0.005419,-0.087820,0.193026,-0.112552,0.028756,0.076775,0.026499,-0.084566,0.098589,-0.013955,0.120343,0.074291,-0.184563,0.110944,0.010168,-0.143159,-0.117653,-0.043258,-0.028290,0.152717,-0.060411,0.148047,-0.000058,0.082292,0.167967,0.021000,0.028756,-0.026795,-0.128975,-0.099300,-0.020408,0.025913
-0.021060,-0.038775,0.241735,-0.134357,0.045719,0.162532,-0.078168,-0.221715,0.197035,0.186357,0.225084,0.077329,-0.057677,0.217090,0.174944,0.037320,0.078960,0.051256,0.182721,0.012584,0.103663,0.075259,0.068687,0.103013,0.055322,-0.100387,-0.163869,-0.093143,-0.016004,0.021935,0.018663,-0.073161,-0.002573,0.048971,-0.014905,0.114215,0.109930,-0.015379,-0.026385,0.076211,0.123950,-0.112552,0.191402,0.002593,-0.125047,-0.059682,-0.039034,-0.043178,0.040852,-0.056743,-0.029576,0.086865,-0.038567,0.006976,0.094975,0.044778,-0.044403,0.028152,-0.030782,0.031249,-0.153447,-0.006354,0.001191,-0.107572,-0.030239,0.037210,0.046349,0.148050,0.155675,-0.060300,-0.047541
-0.059959,0.186552,-0.039296,-0.045757,0.028432,0.087203,-0.275202,0.073997,-0.113553,-0.053191,0.123624,-0.074323,0.032326,0.053905,-0.044178,0.216932,-0.016747,0.099553,-0.023117,-0.038151,-0.038687,-0.031830,-0.069115,-0.030093,0.000999,0.033768,-0.159913,0.076555,0.001016,-0.032732,-0.071299,-0.039165,0.022204,-0.063533,0.037256,-0.086997,0.019345,-0.060603,-0.105119,0.151735,-0.052076,0.028756,0.002593,0.139000,-0.026944,-0.001390,-0.054045,-0.033842,-0.033884,-0.037535,0.001222,-0.001442,0.024040,0.030609,0.045926,0.051864,-0.066546,-0.029458,0.035721,-0.010145,0.063410,0.055043,0.027559,-0.018918,0.070405,-0.058036,0.038408,-0.030214,0.104266,0.007389,-0.008500
0.033464,-0.073614,-0.282973,0.121525,0.015747,-0.126428,0.096638,0.270244,-0.163406,-0.111808,-0.255164,-0.101176,0.033465,-0.251398,-0.142743,-0.124276,-0.072283,-0.107338,-0.142377,-0.000399,-0.124908,-0.044889,-0.046339,-0.056854,-0.005433,0.076001,0.035702,0.071370,0.005941,-0.042278,-0.017147,0.096402,0.023758,0.019084,-0.022209,-0.045658,-0.067774,0.008060,0.065529,-0.071268,-0.011237,0.076775,-0.125047,-0.026944,0.129577,0.104209,0.016066,0.060153,-0.060799,0.055790,-0.019572,-0.006726,0.045896,-0.004338,-0.055668,-0.009625,0.005683,-0.063411,0.029912,-0.037430,0.093616,-0.039814,-0.011531,0.082862,-0.025913,-0.018628,-0.038035,-0.130584,-0.146372,0.051450,0.034668
0.039457,-0.121290,-0.291103,0.056667,0.108227,-0.056507,-0.041164,0.245462,-0.154407,-0.037277,-0.160778,-0.118599,0.049046,-0.193715,-0.117941,-0.110299,-0.030341,-0.064253,-0.121578,-0.008552,-0.118231,-0.073521,-0.071380,-0.020975,-0.003231,0.043074,-0.112256,0.070894,0.015327,-0.073600,-0.021236,0.112937,0.040238,0.063485,-0.036859,-0.019815,-0.052232,-0.018122,0.034951,-0.056149,0.056754,0.026499,-0.059682,-0.001390,0.104209,0.128090,-0.019468,0.038220,-0.103002,0.033724,-0.071580,0.057027,0.045867,-0.002567,0.031826,0.056741,-0.040039,-0.094608,0.004286,-0.030176,0.047573,-0.048171,-0.042291,0.048972,-0.031511,-0.016390,-0.007000,-0.110668,-0.078365,0.032168,0.004415
0.330624,-0.459213,0.020519,0.065087,0.099447,-0.203143,0.237103,-0.012015,0.034703,0.089946,-0.051517,0.028685,-0.116332,0.054768,-0.004576,-0.264763,-0.158363,-0.109308,0.072776,0.085548,0.158256,-0.007405,0.083584,-0.112421,-0.144605,0.049859,0.297139,-0.177845,-0.116327,0.098258,0.026980,-0.044190,-0.145242,-0.014103,-0.005613,0.043881,0.012503,0.046672,0.004435,0.049347,-0.093813,-0.084566,-0.039034,-0.054045,0.016066,-0.019468,0.238385,-0.022776,0.052066,-0.126332,-0.010369,0.116294,-0.187491,-0.011901,-0.019711,-0.057426,0.232040,0.053955,-0.040844,-0.039035,-0.054769,-0.049592,-0.005994,-0.038445,-0.070931,-0.063679,0.013867,0.055200,-0.124916,0.093304,0.118429
0.030593,0.087853,-0.080381,0.195893,-0.125004,-0.020134,0.282973,0.249281,0.028222,-0.183768,-0.289282,-0.023792,-0.073631,-0.211204,-0.084206,-0.003694,-0.071687,-0.111468,-0.072348,-0.051706,-0.123246,0.021022,0.012481,0.025402,0.082711,0.011958,0.018476,0.039979,0.007817,0.033975,-0.010832,-0.014759,0.068765,-0.024850,-0.007671,0.003058,0.002847,0.050251,0.060325,-0.025215,-0.010947,0.098589,-0.043178,-0.033842,0.060153,0.038220,-0.022776,0.088759,-0.012613,0.075462,0.021021,-0.079354,0.039213,-0.004609,-0.087421,-0.099737,0.012475,-0.023894,0.103055,-0.060634,0.040848,-0.054468,0.044610,0.124342,-0.049033,0.045004,-0.008959,-0.063173,-0.113502,-0.019108,0.036150
-0.082720,0.023418,0.210529,-0.058582,-0.113950,-0.013684,0.120954,-0.174439,0.098084,0.090453,0.070438,0.076428,-0.063448,0.098793,0.137847,-0.029389,-0.029911,-0.060640,0.168518,0.075401,0.100061,0.177492,0.134374,-0.014331,0.048086,0.011113,0.137229,-0.092817,-0.063096,0.061146,0.006541,-0.093710,-0.070357,-0.040060,0.013841,0.048041,0.096377,0.006419,0.050606,0.100641,-0.007224,-0.013955,0.040852,-0.033884,-0.060799,-0.103002,0.052066,-0.012613,0.152902,-0.036449,0.084457,0.001876,-0.033679,0.020753,-0.102678,-0.058399,0.031426,0.091499,0.008348,0.032185,-0.037231,0.029907,0.079089,-0.097604,-0.009609,-0.011197,-0.040841,0.102611,0.026519,0.024655,0.020160
-0.159129,0.290944,-0.074937,0.108009,-0.157651,0.039040,0.114531,0.125426,-0.005834,-0.187502,-0.198502,-0.003629,0.046838,-0.193817,-0.069730,0.091629,0.062178,-0.013382,-0.130848,-0.075195,-0.159311,-0.010699,-0.045958,0.066188,0.098925,-0.018614,-0.040182,0.127124,0.089951,-0.031373,0.008346,0.051514,0.114141,-0.002180,-0.002982,-0.032939,-0.058985,0.029069,0.061629,-0.141545,0.017414,0.120343,-0.056743,-0.037535,0.055790,0.033724,-0.126332,0.075462,-0.036449,0.148273,0.031506,-0.156713,0.132893,-0.013842,-0.072138,-0.052260,-0.090017,-0.031221,0.062953,-0.005404,0.074293,-0.005947,0.008005,0.130243,0.014277,0.078971,-0.038181,-0.090858,-0.057061,-0.062032,-0.043183
-0.101579,0.222457,0.115338,0.046476,-0.178151,0.004301,0.122562,-0.021618,0.039222,-0.098058,-0.044751,0.043023,-0.032308,-0.012844,0.020686,0.105195,-0.024791,-0.016873,0.025754,-0.006988,-0.009868,0.088795,0.048788,-0.007868,0.055427,0.018313,0.109971,0.013164,-0.005063,0.046640,-0.010515,-0.073976,0.002933,-0.082329,0.033702,-0.029264,0.028298,0.019558,0.018791,0.045183,-0.072518,0.074291,-0.029576,0.001222,-0.019572,-0.071580,-0.010369,0.021021,0.084457,0.031506,0.092816,-0.109348,0.025404,0.011701,-0.114992,-0.088646,0.005825,0.055810,0.060155,0.002019,0.047592,0.036702,0.074586,0.021138,0.027982,0.009860,-0.030628,0.010969,-0.009215,-0.006820,0.014294
0.115888,-0.528753,-0.098515,-0.217481,0.320904,-0.068432,-0.243155,-0.106615,-0.088774,0.369025,0.215634,-0.070458,0.017770,0.135996,0.102145,-0.300162,-0.032628,-0.057847,0.156622,0.147718,0.142694,0.036800,0.049676,-0.064257,-0.084940,0.034239,-0.101084,-0.134512,-0.102918,-0.058719,-0.005553,0.064379,-0.128224,0.128057,-0.056562,0.092266,0.069423,-0.076100,0.012350,0.108298,0.143732,-0.184563,0.086865,-0.001442,-0.006726,0.057027,0.116294,-0.079354,0.001876,-0.156713,-0.109348,0.310034,-0.103650,0.020736,0.128180,0.169443,0.015893,-0.029664,-0.129562,0.035295,-0.114688,-0.029128,-0.056249,-0.219568,-0.062854,-0.100034,0.008117,0.077346,0.058795,0.104683,0.012244
-0.330889,0.374608,-0.131351,-0.041019,-0.099649,0.091671,-0.176167,0.077990,-0.128492,-0.094609,-0.044065,-0.064548,0.135892,-0.150887,-0.032727,0.149231,0.106354,0.032516,-0.101114,-0.040616,-0.174217,0.030437,-0.069380,0.049463,0.125294,0.011810,-0.192925,0.180161,0.092735,-0.110444,-0.030471,0.085790,0.110666,0.016300,-0.002354,-0.063585,-0.034942,-0.046487,0.049141,-0.066663,0.073014,0.110944,-0.038567,0.024040,0.045896,0.045867,-0.187491,0.039213,-0.033679,0.132893,0.025404,-0.103650,0.191514,0.015235,-0.043894,0.047609,-0.204351,-0.055484,0.035652,0.038540,0.103114,0.045391,0.013495,0.034540,0.060996,0.031793,-0.057901,-0.098968,0.042996,-0.035896,-0.088559
-0.058280,0.042060,-0.013611,-0.031894,-0.003817,0.015588,-0.064983,0.021125,-0.042449,0.017250,0.027957,-0.029871,0.003791,0.000409,0.013988,0.027251,-0.018638,-0.011147,0.029789,0.016999,-0.010717,0.046705,0.012002,-0.015436,0.027881,0.025371,-0.047998,0.011437,-0.018352,-0.013618,-0.027407,-0.013924,-0.005369,-0.012003,0.004330,-0.010509,0.034162,-0.026300,0.000722,0.073745,0.010059,0.010168,0.006976,0.030609,-0.004338,-0.002567,-0.011901,-0.004609,0.020753,-0.013842,0.011701,0.020736,0.015235,0.019113,-0.014854,0.016515,-0.033386,-0.003059,0.015217,0.004548,0.016466,0.016300,0.028627,-0.037093,0.009173,-0.025971,-0.008015,0.000865,0.029375,0.019402,0.000424
0.078510,-0.185690,0.000143,-0.176705,0.250138,0.085921,-0.355738,-0.173867,-0.003890,0.188862,0.287452,-0.003957,0.079115,0.204120,0.038683,0.001664,0.115183,0.158822,0.010877,-0.005362,0.086587,-0.141938,-0.086073,0.034777,-0.102682,-0.069267,-0.188889,-0.021305,0.030511,-0.063919,0.020719,0.062269,-0.012881,0.089756,-0.018494,0.024091,-0.034516,-0.049252,-0.103479,-0.037664,0.077635,-0.143159,0.094975,0.045926,-0.055668,0.031826,-0.019711,-0.087421,-0.102678,-0.072138,-0.114992,0.128180,-0.043894,-0.014854,0.216351,0.156537,-0.035065,-0.043361,-0.120978,0.035737,-0.091535,0.005962,-0.114924,-0.077455,0.021902,-0.012607,0.067993,0.043801,0.133600,-0.027104,-0.061862
-0.168377,-0.128728,-0.130196,-0.321435,0.263809,0.042483,-0.563626,-0.207176,-0.193669,0.288819,0.348046,-0.077399,0.201473,0.146622,0.072045,-0.056383,0.141951,0.121808,0.028104,0.080495,0.050767,-0.041171,-0.076859,-0.021554,-0.062687,0.009477,-0.233519,0.040191,0.024198,-0.161100,-0.009385,0.144684,-0.040812,0.120824,-0.029862,-0.011853,-0.028221,-0.121549,-0.031416,-0.011472,0.139363,-0.117653,0.044778,0.051864,-0.009625,0.056741,-0.057426,-0.099737,-0.058399,-0.052260,-0.088646,0.169443,0.047609,0.016515,0.156537,0.240394,-0.150211,-0.057280,-0.156374,0.098396,-0.019615,0.059923,-0.095726,-0.184184,0.060189,-0.069990,-0.017059,0.002545,0.158927,0.042285,-0.098012
0.427973,-0.364827,0.094470,0.208415,0.003723,-0.177873,0.435849,0.053893,0.148782,-0.061883,-0.169346,0.079424,-0.186741,0.022983,-0.053643,-0.180407,-0.172962,-0.096187,0.019505,0.008127,0.130823,-0.060579,0.071837,-0.070425,-0.137550,0.007295,0.357243,-0.174653,-0.089602,0.163077,0.044264,-0.096991,-0.097885,-0.059709,0.010905,0.041437,-0.008957,0.106755,-0.020868,0.002049,-0.158712,-0.043258,-0.044403,-0.066546,0.005683,-0.040039,0.232040,0.012475,0.031426,-0.090017,0.005825,0.015893,-0.204351,-0.033386,-0.035065,-0.150211,0.289766,0.066647,0.015092,-0.083129,-0.057784,-0.076049,0.001722,0.077572,-0.082158,-0.007826,0.048256,0.049353,-0.170616,0.036315,0.138663
0.009403,0.006748,0.210418,-0.027303,-0.076555,-0.008062,0.102875,-0.188831,0.120975,0.044884,0.084438,0.097777,-0.049082,0.129119,0.089846,0.007206,0.002176,0.011346,0.098209,0.028233,0.108387,0.063824,0.074687,-0.001192,-0.015028,-0.022448,0.154706,-0.081643,-0.026808,0.067663,0.028639,-0.076960,-0.053860,-0.039730,0.020695,0.028541,0.034138,0.026800,-0.001735,0.022105,-0.047812,-0.028290,0.028152,-0.029458,-0.063411,-0.094608,0.053955,-0.023894,0.091499,-0.031221,0.055810,-0.029664,-0.055484,-0.003059,-0.043361,-0.057280,0.066647,0.081383,-0.013857,0.021097,-0.042485,0.023519,0.028597,-0.039489,0.005559,0.009269,-0.006647,0.086576,0.019053,-0.006766,0.013912
0.034592,0.260793,-0.020757,0.269274,-0.214814,0.040634,0.322025,0.353536,0.052902,-0.298839,-0.320193,-0.035668,-0.144183,-0.211896,-0.107275,0.158065,-0.136110,-0.104350,-0.057916,-0.096454,-0.156626,0.052909,0.020979,0.025153,0.130304,0.024406,-0.018365,0.058886,-0.011640,0.078662,-0.056277,-0.112275,0.095437,-0.108587,0.025264,-0.029455,0.055864,0.052535,0.012354,0.107054,-0.075205,0.152717,-0.030782,0.035721,0.029912,0.004286,-0.040844,0.103055,0.008348,0.062953,0.060155,-0.129562,0.035652,0.015217,-0.120978,-0.156374,0.015092,-0.013857,0.190144,-0.099837,0.070835,-0.041592,0.112816,0.157880,-0.034361,0.035357,0.021412,-0.060216,-0.086027,-0.032192,0.064840
