0.269051,0.003974,0.158898,-0.019370,-0.174761,0.090404,-0.052654,0.153675,0.177986,0.262875,0.003823,0.115430,-0.219915,0.074119,0.006969,-0.112037,0.070153,-0.137626,-0.152311,0.076121,0.019530,0.013540,-0.059819,0.110491,-0.086371,0.049549,-0.098337,0.241359,0.205230,0.172383,0.101732,0.032892,0.132164,-0.036997,0.158337,0.086725,0.033258,-0.061845,-0.136779,-0.114521,-0.187010,-0.107327,-0.015439,0.079307,0.007275,-0.083691,-0.300509,-0.019980,-0.007775,-0.154574,0.253462,0.243966,0.038912,0.030488,0.085772,-0.075280,0.121268,0.072522,0.059037,0.200724,-0.195186,-0.007833,-0.073693,0.137146,0.042151,-0.184234,0.000301,0.019796,0.323994,-0.097277,0.099935
0.003974,0.342426,0.156115,0.174447,0.057836,0.159573,0.261485,0.203441,0.200825,-0.034466,0.147547,0.141009,-0.040427,0.026349,0.061219,0.294554,0.050637,0.185210,-0.017359,0.124252,-0.006936,-0.145108,0.428275,0.136061,0.150335,-0.091673,0.101963,-0.242771,0.074165,-0.166644,-0.102232,0.250916,-0.017823,0.137553,-0.094897,-0.226358,-0.068630,-0.107033,0.155838,-0.236715,0.224274,-0.036434,0.149453,0.261012,0.134454,-0.029796,-0.057950,-0.229650,-0.101995,-0.182990,-0.105805,0.002939,-0.121290,-0.280424,0.232751,-0.057926,-0.096716,-0.055634,0.312337,0.213392,-0.039736,0.034759,0.205674,0.036687,0.062401,0.066398,0.171236,0.122057,-0.121118,-0.020224,-0.047202
0.158898,0.156115,0.366446,0.209245,-0.023553,0.225432,0.035009,0.113997,0.273165,0.198918,0.202776,0.388498,-0.175923,-0.023933,0.199655,0.333622,0.146425,-0.016440,-0.063169,0.152442,0.049708,-0.003631,0.161389,0.209444,-0.004972,0.000071,0.215356,0.050654,0.124673,0.020686,0.047174,0.174759,0.138104,-0.079702,0.106942,-0.156288,-0.030911,-0.161943,-0.070169,-0.140848,0.239634,-0.046364,0.151022,0.197034,0.261880,-0.071760,-0.404479,0.011537,-0.028215,-0.339315,0.038128,0.169845,-0.009105,-0.182146,0.275960,-0.112943,0.008714,0.123264,0.293762,0.167467,-0.247873,-0.063635,0.096481,0.237496,0.006292,0.070472,0.082041,0.083938,0.063793,0.008625,0.043500
-0.019370,0.174447,0.209245,0.194083,0.072857,0.148888,0.092413,0.053915,0.147908,-0.000569,0.181814,0.249565,-0.015903,-0.039594,0.137610,0.355177,0.077320,0.092866,0.029765,0.105569,0.023657,-0.042936,0.226075,0.095653,0.076675,-0.032688,0.219307,-0.134287,0.022940,-0.102539,-0.041091,0.162837,0.039994,-0.003685,-0.036184,-0.203930,-0.069688,-0.094989,0.064495,-0.091711,0.322349,0.026774,0.154129,0.152182,0.210478,-0.017586,-0.144384,-0.011729,-0.029589,-0.212321,-0.130118,-0.010273,-0.065959,-0.192834,0.189153,-0.033821,-0.070206,0.039785,0.248364,0.068956,-0.082114,-0.020594,0.148177,0.105954,0.031304,0.160550,0.121662,0.068286,-0.139093,0.062087,-0.026639
-0.174761,0.057836,-0.023553,0.072857,0.151189,-0.012204,0.083657,-0.098535,-0.068244,-0.153616,0.034626,0.004062,0.114901,-0.078865,0.068867,0.176833,-0.014072,0.116020,0.099527,-0.035571,-0.002909,-0.010983,0.115706,0.016322,0.061761,-0.062443,0.139396,-0.187805,-0.166980,-0.142932,-0.067840,0.020351,-0.092378,0.004814,-0.078040,-0.109340,-0.005501,-0.015023,0.071774,0.046086,0.190193,0.046685,0.039249,-0.000473,0.061605,0.051334,0.127813,-0.023086,-0.018756,0.052044,-0.177796,-0.132817,-0.010467,-0.096541,0.030242,-0.008062,-0.104419,-0.029658,0.028307,-0.119460,0.083613,-0.032071,0.088600,-0.046029,-0.092388,0.155057,-0.024666,0.021676,-0.247852,0.056349,-0.073695
0.090404,0.159573,0.225432,0.148888,-0.012204,0.157931,0.068583,0.120698,0.195073,0.096195,0.149260,0.237833,-0.097880,0.005606,0.103246,0.241195,0.086785,0.031559,-0.038455,0.120315,0.023605,-0.041331,0.180186,0.116885,0.038719,-0.010351,0.128158,-0.027729,0.109434,-0.022957,-0.001455,0.155622,0.081130,-0.001035,0.021333,-0.136338,-0.049118,-0.099217,0.013520,-0.133730,0.185058,-0.021759,0.121954,0.165269,0.167055,-0.048524,-0.223305,-0.034194,-0.032237,-0.233135,-0.008910,0.083914,-0.049066,-0.151764,0.188289,-0.052793,-0.012124,0.050655,0.233479,0.150128,-0.136433,-0.010119,0.098633,0.131710,0.055512,0.052071,0.113022,0.066868,0.013642,0.008376,0.015247
-0.052654,0.261485,0.035009,0.092413,0.083657,0.068583,0.245078,0.120151,0.087023,-0.085977,0.048730,0.003553,0.004683,0.006560,0.026678,0.159692,0.004940,0.173420,0.002860,0.039578,-0.019414,-0.115643,0.339643,0.113454,0.119464,-0.104985,0.039044,-0.231155,-0.026809,-0.161727,-0.098143,0.157689,-0.084509,0.127802,-0.085981,-0.146683,-0.012912,-0.069921,0.126378,-0.159950,0.103205,-0.045656,0.067653,0.170805,0.040991,0.002444,0.062418,-0.239212,-0.096605,-0.032654,-0.089757,-0.031022,-0.068736,-0.212423,0.146956,-0.062636,-0.098709,-0.084405,0.173061,0.115651,0.031038,0.017285,0.150956,-0.035355,-0.028875,0.032408,0.060074,0.095600,-0.137738,-0.042778,-0.060711
0.153675,0.203441,0.113997,0.053915,-0.098535,0.120698,0.120151,0.249586,0.202192,0.097178,0.074378,0.078081,-0.120300,0.101910,-0.039846,0.043694,0.040208,0.039618,-0.100092,0.125611,-0.007170,-0.107431,0.216601,0.060398,0.066474,-0.008383,-0.068577,-0.022671,0.217578,0.000464,-0.023870,0.168940,0.067503,0.115522,-0.019969,-0.067653,-0.057339,-0.051289,0.071655,-0.220271,-0.010459,-0.060525,0.075286,0.191301,0.028546,-0.067073,-0.129154,-0.152146,-0.056994,-0.173097,0.072780,0.106275,-0.095384,-0.113016,0.127557,-0.016868,0.021892,-0.026965,0.201553,0.271604,-0.086386,0.071033,0.073874,0.051505,0.156539,-0.094418,0.169947,0.066287,0.130504,-0.062369,0.028711
0.177986,0.200825,0.273165,0.147908,-0.068244,0.195073,0.087023,0.202192,0.268005,0.170435,0.154181,0.264341,-0.170118,0.041820,0.093727,0.211166,0.106425,0.010765,-0.093236,0.154703,0.024613,-0.060090,0.210388,0.157836,0.031299,-0.005655,0.083729,0.019767,0.189216,0.013963,0.015608,0.191519,0.115254,0.016528,0.054296,-0.123890,-0.045574,-0.122704,-0.004890,-0.202167,0.125260,-0.063316,0.125221,0.217976,0.164132,-0.078258,-0.305271,-0.080039,-0.048601,-0.287627,0.066693,0.159720,-0.054288,-0.166331,0.229603,-0.077885,0.018018,0.056203,0.276974,0.245607,-0.191501,0.000420,0.094000,0.165174,0.083999,-0.015284,0.134813,0.085304,0.111995,-0.032651,0.041487
0.262875,-0.034466,0.198918,-0.000569,-0.153616,0.096195,-0.085977,0.097178,0.170435,0.284621,0.012691,0.166736,-0.228207,0.036844,0.062159,-0.073596,0.088590,-0.162154,-0.140540,0.062930,0.032499,0.051493,-0.105251,0.144606,-0.117559,0.051782,-0.040712,0.273834,0.159971,0.186054,0.126012,0.008509,0.139024,-0.095300,0.199661,0.087733,0.055209,-0.082031,-0.187653,-0.072991,-0.156119,-0.107030,-0.017266,0.056308,0.045850,-0.078689,-0.351863,0.026316,0.003203,-0.164171,0.255259,0.258188,0.077402,0.034098,0.102781,-0.102393,0.121840,0.108938,0.046554,0.150081,-0.225517,-0.048823,-0.086008,0.172651,-0.019345,-0.152918,-0.052208,0.016303,0.311545,-0.084907,0.103900
0.003823,0.147547,0.202776,0.181814,0.034626,0.149260,0.048730,0.074378,0.154181,0.012691,0.194107,0.253193,-0.013800,-0.014069,0.103221,0.332466,0.074519,0.068638,0.023203,0.126455,0.023861,-0.044035,0.186459,0.038777,0.076890,-0.000532,0.195401,-0.103942,0.083696,-0.074295,-0.035006,0.160630,0.075829,0.002258,-0.050396,-0.191822,-0.101449,-0.068695,0.078508,-0.089973,0.321933,0.050111,0.163210,0.141211,0.202907,-0.027635,-0.151301,0.034549,-0.008830,-0.237354,-0.124488,-0.013590,-0.091137,-0.155039,0.156445,0.009861,-0.046968,0.046279,0.247346,0.088923,-0.083225,0.008317,0.133205,0.108816,0.110211,0.151910,0.176488,0.049129,-0.102277,0.080264,-0.012155
0.115430,0.141009,0.388498,0.249565,0.004062,0.237833,0.003553,0.078081,0.264341,0.166736,0.253193,0.443735,-0.133964,-0.044633,0.223265,0.425935,0.153826,-0.005907,-0.023978,0.168289,0.057573,0.005896,0.153889,0.169267,0.010726,0.014882,0.288666,0.020073,0.116267,-0.001626,0.036931,0.182595,0.154926,-0.100035,0.075840,-0.201844,-0.068980,-0.153224,-0.044036,-0.108133,0.358757,0.004310,0.191314,0.185274,0.315199,-0.063601,-0.402686,0.083938,-0.006186,-0.375418,-0.035205,0.119980,-0.031975,-0.187564,0.272077,-0.077128,-0.008585,0.142074,0.320132,0.127089,-0.239578,-0.061860,0.119445,0.250884,0.042785,0.150666,0.127066,0.072477,-0.005133,0.065814,0.032741
-0.219915,-0.040427,-0.175923,-0.015903,0.114901,-0.097880,0.004683,-0.120300,-0.170118,-0.228207,-0.013800,-0.133964,0.202695,-0.036550,-0.056631,0.038966,-0.076073,0.096518,0.127087,-0.060813,-0.021513,-0.013036,0.001599,-0.161781,0.073445,-0.014304,0.037971,-0.181316,-0.130839,-0.122116,-0.085006,-0.046126,-0.094053,0.045687,-0.155664,-0.046073,-0.051806,0.090489,0.134116,0.109545,0.129687,0.113417,0.005175,-0.094334,-0.040232,0.068312,0.286609,0.052693,0.026347,0.142238,-0.209794,-0.223172,-0.053728,0.024684,-0.127207,0.111473,-0.082203,-0.068504,-0.079314,-0.165419,0.187381,0.038492,0.039305,-0.136805,0.032407,0.137679,0.039010,-0.040894,-0.244435,0.094767,-0.075444
0.074119,0.026349,-0.023933,-0.039594,-0.078865,0.005606,0.006560,0.101910,0.041820,0.036844,-0.014069,-0.044633,-0.036550,0.069406,-0.080176,-0.093655,-0.010664,-0.014985,-0.050081,0.033460,-0.011622,-0.038452,0.013505,-0.039634,0.013028,0.021071,-0.106128,0.032570,0.115934,0.036741,-0.001427,0.025903,0.031301,0.060543,-0.015955,0.032070,-0.025339,0.023540,0.029962,-0.066764,-0.091837,-0.016719,-0.005798,0.031809,-0.055479,-0.026399,-0.001737,-0.040156,-0.005409,-0.020588,0.061223,0.035876,-0.040864,0.025380,-0.021730,0.031538,0.037192,-0.025466,0.014128,0.104501,-0.003930,0.056067,-0.014578,-0.015037,0.105100,-0.086465,0.072885,-0.001843,0.104003,-0.031837,0.023509
0.006969,0.061219,0.199655,0.137610,0.068867,0.103246,0.026678,-0.039846,0.093727,0.062159,0.103221,0.223265,-0.056631,-0.080176,0.177872,0.245541,0.080972,0.011810,0.013193,0.036205,0.033927,0.032554,0.078500,0.157927,-0.015653,-0.029828,0.201409,-0.011179,-0.061645,-0.029617,0.023314,0.061399,0.026703,-0.093559,0.073310,-0.104568,0.020621,-0.108508,-0.067638,-0.011306,0.189332,-0.018683,0.072415,0.071158,0.175062,-0.008703,-0.193038,0.022024,-0.016830,-0.135641,-0.032194,0.055358,0.042048,-0.122125,0.163740,-0.099445,-0.034807,0.079378,0.127898,-0.015678,-0.117222,-0.090379,0.062485,0.126975,-0.118615,0.108111,-0.046266,0.049098,-0.068089,0.022687,-0.003494
-0.112037,0.294554,0.333622,0.355177,0.176833,0.241195,0.159692,0.043694,0.211166,-0.073596,0.332466,0.425935,0.038966,-0.093655,0.245541,0.674900,0.120389,0.196000,0.101481,0.170769,0.039444,-0.073404,0.401280,0.124902,0.158106,-0.062312,0.429856,-0.299020,-0.011220,-0.225283,-0.098149,0.276580,0.045074,-0.005996,-0.110436,-0.389654,-0.142327,-0.146767,0.152484,-0.119364,0.645471,0.090178,0.285110,0.240059,0.382528,-0.008025,-0.179954,0.012081,-0.040953,-0.345000,-0.311024,-0.092748,-0.131305,-0.342285,0.305762,-0.027745,-0.155810,0.059461,0.425478,0.057174,-0.093974,-0.033439,0.281631,0.156824,0.057683,0.350506,0.226789,0.109062,-0.341227,0.151439,-0.073116
0.070153,0.050637,0.146425,0.077320,-0.014072,0.086785,0.004940,0.040208,0.106425,0.088590,0.074519,0.153826,-0.076073,-0.010664,0.080972,0.120389,0.059369,-0.016766,-0.028822,0.056699,0.020945,0.005261,0.048205,0.086743,-0.011104,0.002782,0.081479,0.035652,0.048273,0.018378,0.025998,0.060885,0.057475,-0.039667,0.053205,-0.051686,-0.005851,-0.064794,-0.040310,-0.050275,0.081354,-0.022348,0.053259,0.071589,0.100675,-0.029368,-0.169196,0.010033,-0.008979,-0.131599,0.027165,0.076074,0.004822,-0.063648,0.106639,-0.048992,0.009413,0.053740,0.106959,0.062834,-0.104078,-0.029779,0.029093,0.098157,-0.005453,0.020673,0.021162,0.030811,0.037708,-0.000149,0.021368
-0.137626,0.185210,-0.016440,0.092866,0.116020,0.031559,0.173420,0.039618,0.010765,-0.162154,0.068638,-0.005907,0.096518,-0.014985,0.011810,0.196000,-0.016766,0.174986,0.067068,0.025825,-0.017901,-0.092551,0.264953,0.004303,0.130913,-0.075144,0.085553,-0.260847,-0.059076,-0.180287,-0.112863,0.117606,-0.082639,0.107225,-0.142635,-0.160516,-0.056701,-0.017214,0.165303,-0.073559,0.200338,0.035586,0.083342,0.098761,0.052022,0.027613,0.144306,-0.124036,-0.052565,-0.006923,-0.186183,-0.129777,-0.092107,-0.161330,0.069710,0.015510,-0.113779,-0.078153,0.131007,0.018323,0.091437,0.032864,0.147254,-0.064589,0.023727,0.119727,0.099276,0.053846,-0.228270,0.034985,-0.078148
-0.152311,-0.017359,-0.063169,0.029765,0.099527,-0.038455,0.002860,-0.100092,-0.093236,-0.140540,0.023203,-0.023978,0.127087,-0.050081,0.013193,0.101481,-0.028822,0.067068,0.094859,-0.031143,-0.004056,0.003661,0.015506,-0.072305,0.044910,-0.014865,0.089189,-0.125863,-0.108078,-0.091101,-0.050707,-0.017055,-0.053992,0.000241,-0.087184,-0.062349,-0.032765,0.033658,0.072637,0.078633,0.151482,0.078195,0.026210,-0.049474,0.025953,0.045265,0.141339,0.053997,0.017360,0.057024,-0.158240,-0.141717,-0.025474,-0.013738,-0.044467,0.052844,-0.066000,-0.021106,-0.019692,-0.124605,0.095776,0.000491,0.043685,-0.056161,-0.007861,0.132029,0.016175,-0.017238,-0.190996,0.077655,-0.052645
0.076121,0.124252,0.152442,0.105569,-0.035571,0.120315,0.039578,0.125611,0.154703,0.062930,0.126455,0.168289,-0.060813,0.033460,0.036205,0.170769,0.056699,0.025825,-0.031143,0.113620,0.012988,-0.050052,0.138277,0.032353,0.049190,0.011495,0.069814,-0.027807,0.138724,-0.013804,-0.012530,0.132078,0.081437,0.028703,-0.019312,-0.107435,-0.074044,-0.049214,0.049832,-0.116297,0.149388,0.006243,0.107357,0.129968,0.114328,-0.043517,-0.147364,-0.010284,-0.014569,-0.194242,-0.019592,0.044770,-0.075974,-0.098390,0.116449,0.004903,-0.000409,0.027117,0.189816,0.143871,-0.087421,0.029793,0.078357,0.086491,0.125001,0.035101,0.152880,0.040207,0.022984,0.021525,0.015308
0.019530,-0.006936,0.049708,0.023657,-0.002909,0.023605,-0.019414,-0.007170,0.024613,0.032499,0.023861,0.057573,-0.021513,-0.011622,0.033927,0.039444,0.020945,-0.017901,-0.004056,0.012988,0.010164,0.015202,-0.012595,0.023391,-0.014367,0.007604,0.036833,0.026731,0.006581,0.015047,0.016642,0.005473,0.023495,-0.030328,0.025886,-0.009952,0.000773,-0.018511,-0.026301,0.003351,0.031194,-0.001084,0.014078,0.007005,0.037620,-0.007287,-0.062137,0.028355,0.005788,-0.040674,0.008612,0.023533,0.010807,-0.007135,0.026397,-0.013953,0.006993,0.028017,0.021424,0.000466,-0.037204,-0.017129,-0.000321,0.037918,-0.009365,0.014943,-0.004048,0.002665,0.011810,0.007904,0.009546
0.013540,-0.145108,-0.003631,-0.042936,-0.010983,-0.041331,-0.115643,-0.107431,-0.060090,0.051493,-0.044035,0.005896,-0.013036,-0.038452,0.032554,-0.073404,0.005261,-0.092551,0.003661,-0.050052,0.015202,0.083533,-0.184065,0.001419,-0.085616,0.032611,0.009989,0.127196,-0.055352,0.079324,0.063690,-0.103103,0.018194,-0.101169,0.083946,0.083596,0.049907,0.009604,-0.110972,0.105962,-0.065963,-0.000282,-0.055104,-0.099941,-0.010672,0.008620,-0.049931,0.109272,0.040348,0.044106,0.058938,0.033199,0.081619,0.095438,-0.052010,-0.016848,0.040533,0.055709,-0.111584,-0.101598,-0.029622,-0.052195,-0.084776,0.029746,-0.082400,-0.010464,-0.111709,-0.039903,0.053366,0.006269,0.026056
-0.059819,0.428275,0.161389,0.226075,0.115706,0.180186,0.339643,0.216601,0.210388,-0.105251,0.186459,0.153889,0.001599,0.013505,0.078500,0.401280,0.048205,0.264953,0.015506,0.138277,-0.012595,-0.184065,0.551493,0.145976,0.208690,-0.126763,0.155904,-0.362051,0.042674,-0.250523,-0.151946,0.307375,-0.053015,0.178930,-0.155750,-0.306558,-0.094122,-0.120939,0.226876,-0.268535,0.330693,-0.019414,0.192702,0.308756,0.170550,-0.017338,-0.004284,-0.280895,-0.125679,-0.195196,-0.194669,-0.054380,-0.160722,-0.360416,0.273623,-0.055654,-0.150839,-0.085136,0.379432,0.218234,-0.005116,0.043805,0.276446,0.015721,0.066618,0.130334,0.214212,0.148656,-0.231194,-0.000684,-0.083137
0.110491,0.136061,0.209444,0.095653,0.016322,0.116885,0.113454,0.060398,0.157836,0.144606,0.038777,0.169267,-0.161781,-0.039634,0.157927,0.124902,0.086743,0.004303,-0.072305,0.032353,0.023391,0.001419,0.145976,0.270593,-0.034618,-0.066106,0.089174,0.034826,-0.024521,0.003083,0.040262,0.085951,0.007775,-0.050916,0.138188,-0.050803,0.085971,-0.152010,-0.113681,-0.110704,0.000128,-0.126100,0.022389,0.137435,0.110141,-0.035232,-0.246021,-0.137429,-0.071381,-0.117514,0.107488,0.172269,0.075628,-0.154274,0.220612,-0.186551,-0.007555,0.051460,0.134198,0.100079,-0.164144,-0.097648,0.044820,0.129847,-0.183527,-0.036366,-0.110963,0.090714,0.064882,-0.090236,0.018705
-0.086371,0.150335,-0.004972,0.076675,0.061761,0.038719,0.119464,0.066474,0.031299,-0.117559,0.076890,0.010726,0.073445,0.013028,-0.015653,0.158106,-0.011104,0.130913,0.044910,0.049190,-0.014367,-0.085616,0.208690,-0.034618,0.115158,-0.038268,0.054401,-0.197484,0.013701,-0.130011,-0.091382,0.111369,-0.034505,0.100647,-0.131691,-0.133917,-0.077857,0.000332,0.154422,-0.076340,0.174853,0.044910,0.085758,0.089933,0.045426,0.010130,0.101253,-0.076034,-0.031605,-0.043153,-0.149056,-0.103600,-0.104249,-0.116788,0.045804,0.045276,-0.076578,-0.059996,0.128156,0.050333,0.066739,0.053905,0.119327,-0.044635,0.092996,0.091268,0.140106,0.035779,-0.155843,0.041308,-0.052223
0.049549,-0.091673,0.000071,-0.032688,-0.062443,-0.010351,-0.104985,-0.008383,-0.005655,0.051782,-0.000532,0.014882,-0.014304,0.021071,-0.029828,-0.062312,0.002782,-0.075144,-0.014865,0.011495,0.007604,0.032611,-0.126763,-0.066106,-0.038268,0.057013,-0.030480,0.102189,0.066994,0.076780,0.038639,-0.041489,0.060756,-0.035075,0.023656,0.052489,-0.019482,0.033762,-0.033514,0.038154,-0.034876,0.024390,-0.010246,-0.049104,-0.012237,-0.014012,-0.045982,0.102411,0.042360,-0.024124,0.043595,0.022001,0.002083,0.087388,-0.057183,0.045220,0.052207,0.034948,-0.041411,-0.004055,-0.024317,0.015633,-0.056294,0.023680,0.070870,-0.024025,0.026422,-0.039196,0.085161,0.021161,0.034269
-0.098337,0.101963,0.215356,0.219307,0.139396,0.128158,0.039044,-0.068577,0.083729,-0.040712,0.195401,0.288666,0.037971,-0.106128,0.201409,0.429856,0.081479,0.085553,0.089189,0.069814,0.036833,0.009989,0.155904,0.089174,0.054401,-0.030480,0.320672,-0.142585,-0.081287,-0.119915,-0.031784,0.112814,0.024776,-0.077190,-0.026449,-0.219429,-0.058348,-0.094434,0.033539,0.006499,0.417529,0.067900,0.156728,0.087165,0.258835,0.010911,-0.132087,0.082008,-0.002014,-0.186974,-0.197746,-0.062387,-0.028981,-0.177675,0.172434,-0.033752,-0.094574,0.074471,0.207250,-0.059231,-0.068495,-0.067382,0.142848,0.117442,-0.041729,0.255252,0.063044,0.048196,-0.236108,0.115463,-0.044006
0.241359,-0.242771,0.050654,-0.134287,-0.187805,-0.027729,-0.231155,-0.022671,0.019767,0.273834,-0.103942,0.020073,-0.181316,0.032570,-0.011179,-0.299020,0.035652,-0.260847,-0.125863,-0.027807,0.026731,0.127196,-0.362051,0.034826,-0.197484,0.102189,-0.142585,0.400048,0.107985,0.276104,0.173569,-0.154540,0.127137,-0.150886,0.233017,0.240219,0.097032,0.004240,-0.258815,0.072079,-0.328828,-0.082872,-0.125237,-0.114695,-0.076796,-0.052876,-0.253039,0.142400,0.061709,-0.008692,0.313416,0.232809,0.142267,0.217994,-0.070466,-0.051317,0.176012,0.115663,-0.171158,0.016205,-0.163182,-0.052853,-0.215145,0.111452,-0.047768,-0.210171,-0.154781,-0.063296,0.376659,-0.080091,0.124241
0.205230,0.074165,0.124673,0.022940,-0.166980,0.109434,-0.026809,0.217578,0.189216,0.159971,0.083696,0.116267,-0.130839,0.115934,-0.061645,-0.011220,0.048273,-0.059076,-0.108078,0.138724,0.006581,-0.055352,0.042674,-0.024521,0.013701,0.066994,-0.081287,0.107985,0.288869,0.096345,0.028359,0.110650,0.147985,0.054116,0.012930,-0.008396,-0.083740,-0.010360,0.022771,-0.154683,-0.026545,-0.019564,0.068272,0.119799,0.030164,-0.081427,-0.195682,0.002069,0.003615,-0.209847,0.114017,0.126518,-0.087867,-0.001132,0.056190,0.041642,0.084662,0.028404,0.148734,0.245267,-0.120633,0.081924,0.003296,0.090439,0.238410,-0.102674,0.198728,0.012994,0.221525,-0.021842,0.070549
0.172383,-0.166644,0.020686,-0.102539,-0.142932,-0.022957,-0.161727,0.000464,0.013963,0.186054,-0.074295,-0.001626,-0.122116,0.036741,-0.029617,-0.225283,0.018378,-0.180287,-0.091101,-0.013804,0.015047,0.079324,-0.250523,0.003083,-0.130011,0.076780,-0.119915,0.276104,0.096345,0.194417,0.115768,-0.104034,0.092334,-0.089173,0.148614,0.171025,0.056622,0.014454,-0.164719,0.042033,-0.239031,-0.052886,-0.086635,-0.078500,-0.066887,-0.039210,-0.161126,0.096797,0.044588,-0.005027,0.218598,0.156418,0.085182,0.160067,-0.062238,-0.019783,0.126815,0.071823,-0.119468,0.025519,-0.104075,-0.020837,-0.150771,0.067218,-0.003578,-0.156281,-0.085641,-0.047754,0.271737,-0.055396,0.087913
0.101732,-0.102232,0.047174,-0.041091,-0.067840,-0.001455,-0.098143,-0.023870,0.015608,0.126012,-0.035006,0.036931,-0.085006,-0.001427,0.023314,-0.098149,0.025998,-0.112863,-0.050707,-0.012530,0.016642,0.063690,-0.151946,0.040262,-0.091382,0.038639,-0.031784,0.173569,0.028359,0.115768,0.080262,-0.064381,0.055032,-0.083158,0.114955,0.092875,0.050060,-0.013824,-0.126969,0.036096,-0.119492,-0.039658,-0.048385,-0.045231,-0.010251,-0.021953,-0.134341,0.066102,0.024748,-0.015571,0.131993,0.108107,0.073450,0.079626,-0.009445,-0.039641,0.070605,0.062216,-0.063643,-0.003910,-0.085860,-0.040123,-0.087435,0.065048,-0.048357,-0.075058,-0.084119,-0.021439,0.150863,-0.032297,0.052525
0.032892,0.250916,0.174759,0.162837,0.020351,0.155622,0.157689,0.168940,0.191519,0.008509,0.160630,0.182595,-0.046126,0.025903,0.061399,0.276580,0.060885,0.117606,-0.017055,0.132078,0.005473,-0.103103,0.307375,0.085951,0.111369,-0.041489,0.112814,-0.154540,0.110650,-0.104034,-0.064381,0.210042,0.037416,0.084114,-0.067496,-0.192704,-0.084557,-0.084843,0.115972,-0.183989,0.231544,-0.005922,0.148747,0.210313,0.149140,-0.037641,-0.112935,-0.114859,-0.059047,-0.213282,-0.085017,0.015391,-0.110640,-0.209104,0.191314,-0.023295,-0.057685,-0.010426,0.279471,0.183524,-0.068402,0.033285,0.160238,0.071193,0.105681,0.074647,0.183322,0.086493,-0.070723,0.013277,-0.020218
0.132164,-0.017823,0.138104,0.039994,-0.092378,0.081130,-0.084509,0.067503,0.115254,0.139024,0.075829,0.154926,-0.094053,0.031301,0.026703,0.045074,0.057475,-0.082639,-0.053992,0.081437,0.023495,0.018194,-0.053015,0.007775,-0.034505,0.060756,0.024776,0.127137,0.147985,0.092334,0.055032,0.037416,0.122160,-0.046976,0.059977,-0.002443,-0.038613,-0.024820,-0.050638,-0.039187,0.034719,0.000162,0.048495,0.040641,0.075679,-0.049651,-0.204527,0.090628,0.027723,-0.163728,0.074662,0.098737,-0.013984,0.018819,0.048194,0.008042,0.064315,0.074606,0.081184,0.093537,-0.122492,0.006527,-0.019764,0.112196,0.101786,-0.020510,0.079763,-0.004762,0.137311,0.014355,0.056901
-0.036997,0.137553,-0.079702,-0.003685,0.004814,-0.001035,0.127802,0.115522,0.016528,-0.095300,0.002258,-0.100035,0.045687,0.060543,-0.093559,-0.005996,-0.039667,0.107225,0.000241,0.028703,-0.030328,-0.101169,0.178930,-0.050916,0.100647,-0.035075,-0.077190,-0.150886,0.054116,-0.089173,-0.083158,0.084114,-0.046976,0.143462,-0.120497,-0.055383,-0.052584,0.027062,0.145894,-0.102670,0.004793,0.005507,0.027889,0.077448,-0.055116,0.001384,0.144602,-0.137403,-0.042094,0.021407,-0.063486,-0.067278,-0.096777,-0.066255,-0.002979,0.046782,-0.042170,-0.095328,0.065487,0.097826,0.086723,0.081936,0.073306,-0.088449,0.107124,-0.019760,0.119235,0.027953,-0.056554,-0.016468,-0.035387
0.158337,-0.094897,0.106942,-0.036184,-0.078040,0.021333,-0.085981,-0.019969,0.054296,0.199661,-0.050396,0.075840,-0.155664,-0.015955,0.073310,-0.110436,0.053205,-0.142635,-0.087184,-0.019312,0.025886,0.083946,-0.155750,0.138188,-0.131691,0.023656,-0.026449,0.233017,0.012930,0.148614,0.114955,-0.067496,0.059977,-0.120497,0.192891,0.115684,0.102206,-0.061788,-0.202586,0.018183,-0.177838,-0.096202,-0.069073,-0.024715,0.004356,-0.034739,-0.230072,0.030730,0.006833,-0.031871,0.208756,0.190333,0.126431,0.060380,0.047127,-0.113899,0.087111,0.088707,-0.059412,0.016134,-0.150815,-0.084769,-0.105146,0.111617,-0.137004,-0.117629,-0.161988,-0.000443,0.213209,-0.077921,0.070701
0.086725,-0.226358,-0.156288,-0.203930,-0.109340,-0.136338,-0.146683,-0.067653,-0.123890,0.087733,-0.191822,-0.201844,-0.046073,0.032070,-0.104568,-0.389654,-0.051686,-0.160516,-0.062349,-0.107435,-0.009952,0.083596,-0.306558,-0.050803,-0.133917,0.052489,-0.219429,0.240219,-0.008396,0.171025,0.092875,-0.192704,-0.002443,-0.055383,0.115684,0.249382,0.102901,0.073061,-0.149687,0.107756,-0.378053,-0.055816,-0.175529,-0.168209,-0.198032,0.001707,0.037638,0.050065,0.041264,0.185426,0.211071,0.086319,0.114844,0.226128,-0.174078,-0.003125,0.110565,0.006411,-0.270225,-0.067132,0.014296,-0.013083,-0.194218,-0.051085,-0.072717,-0.198479,-0.176912,-0.074413,0.228449,-0.082142,0.059363
0.033258,-0.068630,-0.030911,-0.069688,-0.005501,-0.049118,-0.012912,-0.057339,-0.045574,0.055209,-0.101449,-0.068980,-0.051806,-0.025339,0.020621,-0.142327,-0.005851,-0.056701,-0.032765,-0.074044,0.000773,0.049907,-0.094122,0.085971,-0.077857,-0.019482,-0.058348,0.097032,-0.083740,0.056622,0.050060,-0.084557,-0.038613,-0.052584,0.102206,0.102901,0.103855,-0.020032,-0.116831,0.042128,-0.181968,-0.073155,-0.094304,-0.054420,-0.066069,0.007468,-0.020914,-0.039407,-0.011587,0.100182,0.115665,0.075836,0.103796,0.047282,-0.013064,-0.083877,0.028100,0.010513,-0.114812,-0.049337,-0.022502,-0.061181,-0.075284,-0.002104,-0.163448,-0.089082,-0.175652,-0.002339,0.080480,-0.072761,0.017030
-0.061845,-0.107033,-0.161943,-0.094989,-0.015023,-0.099217,-0.069921,-0.051289,-0.122704,-0.082031,-0.068695,-0.153224,0.090489,0.023540,-0.108508,-0.146767,-0.064794,-0.017214,0.033658,-0.049214,-0.018511,0.009604,-0.120939,-0.152010,0.000332,0.033762,-0.094434,0.004240,-0.010360,0.014454,-0.013824,-0.084843,-0.024820,0.027062,-0.061788,0.073061,-0.020032,0.097184,0.041901,0.080958,-0.078251,0.054390,-0.052116,-0.107363,-0.108372,0.026250,0.170126,0.062428,0.039230,0.122422,-0.028164,-0.089487,-0.017512,0.118321,-0.154920,0.095712,0.014007,-0.039690,-0.132033,-0.076212,0.108968,0.049222,-0.055358,-0.096837,0.067947,-0.016920,0.014197,-0.059572,-0.012362,0.027961,-0.008072
-0.136779,0.155838,-0.070169,0.064495,0.071774,0.013520,0.126378,0.071655,-0.004890,-0.187653,0.078508,-0.044036,0.134116,0.029962,-0.067638,0.152484,-0.040310,0.165303,0.072637,0.049832,-0.026301,-0.110972,0.226876,-0.113681,0.154422,-0.033514,0.033539,-0.258815,0.022771,-0.164719,-0.126969,0.115972,-0.050638,0.145894,-0.202586,-0.149687,-0.116831,0.041901,0.225271,-0.070255,0.204839,0.084981,0.096263,0.077114,0.018237,0.022391,0.200591,-0.070414,-0.023982,-0.014137,-0.210417,-0.174368,-0.150125,-0.105228,-0.003375,0.104231,-0.094001,-0.094612,0.120479,0.040258,0.131546,0.095333,0.136395,-0.096785,0.162278,0.115222,0.201212,0.021965,-0.208947,0.069274,-0.071126
-0.114521,-0.236715,-0.140848,-0.091711,0.046086,-0.133730,-0.159950,-0.220271,-0.202167,-0.072991,-0.089973,-0.108133,0.109545,-0.066764,-0.011306,-0.119364,-0.050275,-0.073559,0.078633,-0.116297,0.003351,0.105962,-0.268535,-0.110704,-0.076340,0.038154,0.006499,0.072079,-0.154683,0.042033,0.036096,-0.183989,-0.039187,-0.102670,0.018183,0.107756,0.042128,0.080958,-0.070255,0.217060,-0.049482,0.065755,-0.089014,-0.208089,-0.066933,0.055327,0.130428,0.175980,0.072646,0.172877,-0.034648,-0.092453,0.081622,0.165209,-0.171223,0.051380,0.011797,0.024959,-0.226849,-0.242397,0.087552,-0.041093,-0.105942,-0.059572,-0.090640,0.049185,-0.136966,-0.086185,-0.061675,0.058021,-0.008771
-0.187010,0.224274,0.239634,0.322349,0.190193,0.185058,0.103205,-0.010459,0.125260,-0.156119,0.321933,0.358757,0.129687,-0.091837,0.189332,0.645471,0.081354,0.200338,0.151482,0.149388,0.031194,-0.065963,0.330693,0.000128,0.174853,-0.034876,0.417529,-0.328828,-0.026545,-0.239031,-0.119492,0.231544,0.034719,0.004793,-0.177838,-0.378053,-0.181968,-0.078251,0.204839,-0.049482,0.678166,0.159253,0.279953,0.167076,0.346846,0.015831,-0.059081,0.091579,-0.004203,-0.286873,-0.384767,-0.189431,-0.161721,-0.276086,0.204868,0.058243,-0.163287,0.040819,0.361501,-0.017301,-0.012195,0.001724,0.267027,0.097884,0.126083,0.395297,0.269040,0.065506,-0.404096,0.207136,-0.089215
-0.107327,-0.036434,-0.046364,0.026774,0.046685,-0.021759,-0.045656,-0.060525,-0.063316,-0.107030,0.050111,0.004310,0.113417,-0.016719,-0.018683,0.090178,-0.022348,0.035586,0.078195,0.006243,-0.001084,-0.000282,-0.019414,-0.126100,0.044910,0.024390,0.067900,-0.082872,-0.019564,-0.052886,-0.039658,-0.005922,0.000162,0.005507,-0.096202,-0.055816,-0.073155,0.054390,0.084981,0.065755,0.159253,0.100201,0.046379,-0.046235,0.031027,0.026313,0.103446,0.105736,0.039170,0.002481,-0.142795,-0.129651,-0.057721,0.019989,-0.064716,0.097535,-0.034842,-0.006358,0.000239,-0.081441,0.075889,0.033482,0.031077,-0.036745,0.091654,0.119312,0.090237,-0.033836,-0.134125,0.096366,-0.030444
-0.015439,0.149453,0.151022,0.154129,0.039249,0.121954,0.067653,0.075286,0.125221,-0.017266,0.163210,0.191314,0.005175,-0.005798,0.072415,0.285110,0.053259,0.083342,0.026210,0.107357,0.014078,-0.055104,0.192702,0.022389,0.085758,-0.010246,0.156728,-0.125237,0.068272,-0.086635,-0.048385,0.148747,0.048495,0.027889,-0.069073,-0.175529,-0.094304,-0.052116,0.096263,-0.089014,0.279953,0.046379,0.142718,0.129770,0.161663,-0.019090,-0.089893,0.003745,-0.015522,-0.188773,-0.126637,-0.032924,-0.093833,-0.145442,0.129628,0.017164,-0.053102,0.019242,0.217523,0.082579,-0.047126,0.019950,0.128817,0.070687,0.105532,0.132709,0.166521,0.046483,-0.111267,0.067856,-0.021240
0.079307,0.261012,0.197034,0.152182,-0.000473,0.165269,0.170805,0.191301,0.217976,0.056308,0.141211,0.185274,-0.094334,0.031809,0.071158,0.240059,0.071589,0.098761,-0.049474,0.129968,0.007005,-0.099941,0.308756,0.137435,0.089933,-0.049104,0.087165,-0.114695,0.119799,-0.078500,-0.045231,0.210313,0.040641,0.077448,-0.024715,-0.168209,-0.054420,-0.107363,0.077114,-0.208089,0.167076,-0.046235,0.129770,0.227183,0.138687,-0.049053,-0.161185,-0.151972,-0.073029,-0.217012,-0.024379,0.070827,-0.085129,-0.214318,0.217448,-0.063188,-0.041202,-0.004268,0.278258,0.215142,-0.102885,0.018052,0.145012,0.089782,0.068104,0.026391,0.145247,0.098962,-0.012519,-0.024848,-0.005970
0.007275,0.134454,0.261880,0.210478,0.061605,0.167055,0.040991,0.028546,0.164132,0.045850,0.202907,0.315199,-0.040232,-0.055479,0.175062,0.382528,0.100675,0.052022,0.025953,0.114328,0.037620,-0.010672,0.170550,0.110141,0.045426,-0.012237,0.258835,-0.076796,0.030164,-0.066887,-0.010251,0.149140,0.075679,-0.055116,0.004356,-0.198032,-0.066069,-0.108372,0.018237,-0.066933,0.346846,0.031027,0.161663,0.138687,0.249383,-0.025458,-0.222328,0.049715,-0.011455,-0.253474,-0.110644,0.019584,-0.043928,-0.176045,0.202081,-0.043455,-0.051339,0.082291,0.251091,0.052769,-0.127979,-0.043842,0.129799,0.153525,0.020545,0.175357,0.107115,0.059959,-0.111544,0.076571,-0.009138
-0.083691,-0.029796,-0.071760,-0.017586,0.051334,-0.048524,0.002444,-0.067073,-0.078258,-0.078689,-0.027635,-0.063601,0.068312,-0.026399,-0.008703,-0.008025,-0.029368,0.027613,0.045265,-0.043517,-0.007287,0.008620,-0.017338,-0.035232,0.010130,-0.014012,0.010911,-0.052876,-0.081427,-0.039210,-0.021953,-0.037641,-0.049651,0.001384,-0.034739,0.001707,0.007468,0.026250,0.022391,0.055327,0.015831,0.026313,-0.019090,-0.049053,-0.025458,0.030414,0.105590,0.010008,0.006021,0.079830,-0.059359,-0.070701,0.007169,0.014698,-0.047049,0.018195,-0.029787,-0.022749,-0.056267,-0.082682,0.066977,-0.005009,0.000839,-0.051951,-0.037459,0.039585,-0.033295,-0.014267,-0.085920,0.020743,-0.027949
-0.300509,-0.057950,-0.404479,-0.144384,0.127813,-0.223305,0.062418,-0.129154,-0.305271,-0.351863,-0.151301,-0.402686,0.286609,-0.001737,-0.193038,-0.179954,-0.169196,0.144306,0.141339,-0.147364,-0.062137,-0.049931,-0.004284,-0.246021,0.101253,-0.045982,-0.132087,-0.253039,-0.195682,-0.161126,-0.134341,-0.112935,-0.204527,0.144602,-0.230072,0.037638,-0.020914,0.170126,0.200591,0.130428,-0.059081,0.103446,-0.089893,-0.161185,-0.222328,0.105590,0.548864,-0.055932,0.007386,0.356182,-0.213250,-0.306464,-0.059815,0.087034,-0.258816,0.150910,-0.100030,-0.177805,-0.225297,-0.205649,0.342374,0.087870,0.006313,-0.299407,0.016349,0.053558,-0.008508,-0.062255,-0.272818,0.046888,-0.109590
-0.019980,-0.229650,0.011537,-0.011729,-0.023086,-0.034194,-0.239212,-0.152146,-0.080039,0.026316,0.034549,0.083938,0.052693,-0.040156,0.022024,0.012081,0.010033,-0.124036,0.053997,-0.010284,0.028355,0.109272,-0.280895,-0.137429,-0.076034,0.102411,0.082008,0.142400,0.002069,0.096797,0.066102,-0.114859,0.090628,-0.137403,0.030730,0.050065,-0.039407,0.062428,-0.070414,0.175980,0.091579,0.105736,0.003745,-0.151972,0.049715,0.010008,-0.055932,0.294112,0.107282,-0.027698,-0.031900,-0.042285,0.027886,0.157201,-0.115582,0.093480,0.052663,0.098155,-0.098572,-0.153716,-0.018484,-0.017992,-0.086892,0.052840,0.062967,0.091829,0.007616,-0.090373,0.009184,0.114800,0.032972
-0.007775,-0.101995,-0.028215,-0.029589,-0.018756,-0.032237,-0.096605,-0.056994,-0.048601,0.003203,-0.008830,-0.006186,0.026347,-0.005409,-0.016830,-0.040953,-0.008979,-0.052565,0.017360,-0.014569,0.005788,0.040348,-0.125679,-0.071381,-0.031605,0.042360,-0.002014,0.061709,0.003615,0.044588,0.024748,-0.059047,0.027723,-0.042094,0.006833,0.041264,-0.011587,0.039230,-0.023982,0.072646,-0.004203,0.039170,-0.015522,-0.073029,-0.011455,0.006021,0.007386,0.107282,0.043206,0.016913,-0.001028,-0.020690,0.011044,0.081713,-0.070219,0.045707,0.026758,0.026215,-0.064848,-0.060902,0.009867,0.002653,-0.047376,0.000547,0.031088,0.014105,-0.001647,-0.042353,0.017537,0.036424,0.013864
-0.154574,-0.182990,-0.339315,-0.212321,0.052044,-0.233135,-0.032654,-0.173097,-0.287627,-0.164171,-0.237354,-0.375418,0.142238,-0.020588,-0.135641,-0.345000,-0.131599,-0.006923,0.057024,-0.194242,-0.040674,0.044106,-0.195196,-0.117514,-0.043153,-0.024124,-0.186974,-0.008692,-0.209847,-0.005027,-0.015571,-0.213282,-0.163728,0.021407,-0.031871,0.185426,0.100182,0.122422,-0.014137,0.172877,-0.286873,0.002481,-0.188773,-0.217012,-0.253474,0.079830,0.356182,-0.027698,0.016913,0.374299,0.008075,-0.122940,0.084410,0.175239,-0.243308,0.036624,-0.009222,-0.098366,-0.334002,-0.217799,0.213265,-0.000773,-0.121318,-0.211470,-0.146864,-0.082509,-0.206703,-0.072938,-0.054999,-0.040997,-0.040553
0.253462,-0.105805,0.038128,-0.130118,-0.177796,-0.008910,-0.089757,0.072780,0.066693,0.255259,-0.124488,-0.035205,-0.209794,0.061223,-0.032194,-0.311024,0.027165,-0.186183,-0.158240,-0.019592,0.008612,0.058938,-0.194669,0.107488,-0.149056,0.043595,-0.197746,0.313416,0.114017,0.218598,0.131993,-0.085017,0.074662,-0.063486,0.208756,0.211071,0.115665,-0.028164,-0.210417,-0.034648,-0.384767,-0.142795,-0.126637,-0.024379,-0.110644,-0.059359,-0.213250,-0.031900,-0.001028,0.008075,0.330821,0.254339,0.120042,0.127665,-0.007159,-0.100059,0.145773,0.054184,-0.112579,0.111673,-0.147916,-0.036092,-0.163398,0.075925,-0.073524,-0.266770,-0.150315,-0.011278,0.372868,-0.146993,0.104765
0.243966,0.002939,0.169845,-0.010273,-0.132817,0.083914,-0.031022,0.106275,0.159720,0.258188,-0.013590,0.119980,-0.223172,0.035876,0.055358,-0.092748,0.076074,-0.129777,-0.141717,0.044770,0.023533,0.033199,-0.054380,0.172269,-0.103600,0.022001,-0.062387,0.232809,0.126518,0.156418,0.108107,0.015391,0.098737,-0.067278,0.190333,0.086319,0.075836,-0.089487,-0.174368,-0.092453,-0.189431,-0.129651,-0.032924,0.070827,0.019584,-0.070701,-0.306464,-0.042285,-0.020690,-0.122940,0.254339,0.252292,0.082255,0.007074,0.112754,-0.125338,0.102875,0.079579,0.040759,0.155195,-0.201512,-0.051293,-0.072608,0.143198,-0.059856,-0.170122,-0.079997,0.032291,0.289733,-0.111549,0.088942
0.038912,-0.121290,-0.009105,-0.065959,-0.010467,-0.049066,-0.068736,-0.095384,-0.054288,0.077402,-0.091137,-0.031975,-0.053728,-0.040864,0.042048,-0.131305,0.004822,-0.092107,-0.025474,-0.075974,0.010807,0.081619,-0.160722,0.075628,-0.104249,0.002083,-0.028981,0.142267,-0.087867,0.085182,0.073450,-0.110640,-0.013984,-0.096777,0.126431,0.114844,0.103796,-0.017512,-0.150125,0.081622,-0.161721,-0.057721,-0.093833,-0.085129,-0.043928,0.007169,-0.059815,0.027886,0.011044,0.084410,0.120042,0.082255,0.121612,0.077595,-0.024823,-0.077797,0.042689,0.042698,-0.132778,-0.083897,-0.043496,-0.076975,-0.097207,0.024518,-0.167793,-0.069562,-0.188828,-0.018918,0.091264,-0.051491,0.028334
0.030488,-0.280424,-0.182146,-0.192834,-0.096541,-0.151764,-0.212423,-0.113016,-0.166331,0.034098,-0.155039,-0.187564,0.024684,0.025380,-0.122125,-0.342285,-0.063648,-0.161330,-0.013738,-0.098390,-0.007135,0.095438,-0.360416,-0.154274,-0.116788,0.087388,-0.177675,0.217994,-0.001132,0.160067,0.079626,-0.209104,0.018819,-0.066255,0.060380,0.226128,0.047282,0.118321,-0.105228,0.165209,-0.276086,0.019989,-0.145442,-0.214318,-0.176045,0.014698,0.087034,0.157201,0.081713,0.175239,0.127665,0.007074,0.077595,0.265882,-0.232742,0.075535,0.103456,0.016174,-0.280518,-0.124615,0.054406,0.012252,-0.190323,-0.064484,0.009845,-0.122256,-0.108202,-0.109239,0.163878,-0.008805,0.050069
0.085772,0.232751,0.275960,0.189153,0.030242,0.188289,0.146956,0.127557,0.229603,0.102781,0.156445,0.272077,-0.127207,-0.021730,0.163740,0.305762,0.106639,0.069710,-0.044467,0.116449,0.026397,-0.052010,0.273623,0.220612,0.045804,-0.057183,0.172434,-0.070466,0.056190,-0.062238,-0.009445,0.191314,0.048194,-0.002979,0.047127,-0.174078,-0.013064,-0.154920,-0.003375,-0.171223,0.204868,-0.064716,0.129628,0.217448,0.202081,-0.047049,-0.258816,-0.115582,-0.070219,-0.243308,-0.007159,0.112754,-0.024823,-0.232742,0.270743,-0.125367,-0.042626,0.048020,0.280558,0.164214,-0.163353,-0.048408,0.136176,0.151788,-0.038936,0.060581,0.060609,0.108010,-0.020756,-0.023061,0.000841
-0.075280,-0.057926,-0.112943,-0.033821,-0.008062,-0.052793,-0.062636,-0.016868,-0.077885,-0.102393,0.009861,-0.077128,0.111473,0.031538,-0.099445,-0.027745,-0.048992,0.015510,0.052844,0.004903,-0.013953,-0.016848,-0.055654,-0.186551,0.045276,0.045220,-0.033752,-0.051317,0.041642,-0.019783,-0.039641,-0.023295,0.008042,0.046782,-0.113899,-0.003125,-0.083877,0.095712,0.104231,0.051380,0.058243,0.097535,0.017164,-0.063188,-0.043455,0.018195,0.150910,0.093480,0.045707,0.036624,-0.100059,-0.125338,-0.077797,0.075535,-0.125367,0.136612,-0.004433,-0.033519,-0.041865,-0.042720,0.103452,0.077062,-0.002213,-0.075461,0.160544,0.049797,0.121731,-0.052571,-0.063594,0.076373,-0.016341
0.121268,-0.096716,0.008714,-0.070206,-0.104419,-0.012124,-0.098709,0.021892,0.018018,0.121840,-0.046968,-0.008585,-0.082203,0.037192,-0.034807,-0.155810,0.009413,-0.113779,-0.066000,-0.000409,0.006993,0.040533,-0.150839,-0.007555,-0.076578,0.052207,-0.094574,0.176012,0.084662,0.126815,0.070605,-0.057685,0.064315,-0.042170,0.087111,0.110565,0.028100,0.014007,-0.094001,0.011797,-0.163287,-0.034842,-0.053102,-0.041202,-0.051339,-0.029787,-0.100030,0.052663,0.026758,-0.009222,0.145773,0.102875,0.042689,0.103456,-0.042626,-0.004433,0.085785,0.039250,-0.069025,0.037829,-0.065010,-0.000537,-0.095007,0.038780,0.021927,-0.112658,-0.035188,-0.029911,0.187988,-0.039418,0.058951
0.072522,-0.055634,0.123264,0.039785,-0.029658,0.050655,-0.084405,-0.026965,0.056203,0.108938,0.046279,0.142074,-0.068504,-0.025466,0.079378,0.059461,0.053740,-0.078153,-0.021106,0.027117,0.028017,0.055709,-0.085136,0.051460,-0.059996,0.034948,0.074471,0.115663,0.028404,0.071823,0.062216,-0.010426,0.074606,-0.095328,0.088707,0.006411,0.010513,-0.039690,-0.094612,0.024959,0.040819,-0.006358,0.019242,-0.004268,0.082291,-0.022749,-0.177805,0.098155,0.026215,-0.098366,0.054184,0.079579,0.042698,0.016174,0.048020,-0.033519,0.039250,0.084135,0.026098,-0.004603,-0.106941,-0.046933,-0.029660,0.104572,-0.023493,0.015929,-0.026139,-0.005622,0.071250,0.015504,0.038286
0.059037,0.312337,0.293762,0.248364,0.028307,0.233479,0.173061,0.201553,0.276974,0.046554,0.247346,0.320132,-0.079314,0.014128,0.127898,0.425478,0.106959,0.131007,-0.019692,0.189816,0.021424,-0.111584,0.379432,0.134198,0.128156,-0.041411,0.207250,-0.171158,0.148734,-0.119468,-0.063643,0.279471,0.081184,0.065487,-0.059412,-0.270225,-0.114812,-0.132033,0.120479,-0.226849,0.361501,0.000239,0.217523,0.278258,0.251091,-0.056267,-0.225297,-0.098572,-0.064848,-0.334002,-0.112579,0.040759,-0.132778,-0.280518,0.280558,-0.041865,-0.069025,0.026098,0.393239,0.229420,-0.134557,0.020781,0.210860,0.143203,0.130040,0.130888,0.238999,0.113131,-0.089631,0.037875,-0.016027
