0.222181,0.137481,0.039356,0.091856,0.095701,0.045054,0.038021,0.030060,0.009144,0.011000,-0.033156,-0.056044,0.027036,0.037133,-0.015838,-0.010498,0.055877,0.050127,0.025108,0.063281,0.050048,-0.033581,0.002348,0.056364,0.021113,0.004742,-0.026945,0.044934,0.006209,-0.057415,-0.022930,0.044277,-0.031525,-0.030396,0.001666,-0.002891,-0.016578,0.003896,-0.013605,-0.052068,-0.097992,-0.062054,-0.027054,-0.075896,-0.075286,-0.010147,-0.016811,-0.006250,-0.017299,0.016861,-0.009914,0.016642,-0.004618,-0.043037,-0.083453,-0.023066,-0.098296,-0.064285,0.098265,-0.047547,-0.024063,0.035609,0.053167,0.020249,0.044796,0.012164,-0.033250,0.004286,-0.010031,-0.044826,0.044964
0.137481,0.144481,0.023274,0.045064,0.108506,0.090961,0.062595,0.053142,0.006598,0.009272,-0.038142,-0.048712,0.011249,0.017613,-0.040849,-0.011184,0.057102,0.094488,0.033083,0.069035,0.047243,0.040908,0.044619,0.051860,0.040589,0.012161,-0.003060,0.042073,0.014382,-0.030316,0.009633,0.027392,-0.043907,-0.030447,0.019254,-0.013078,-0.020951,-0.016274,-0.023033,-0.054129,-0.089319,-0.035799,-0.028993,-0.076513,-0.069778,0.005443,-0.006672,-0.029687,-0.015026,0.020622,-0.032364,0.002281,-0.023832,-0.052294,-0.083046,-0.014156,-0.087401,-0.047243,0.083329,-0.034157,-0.027145,0.060775,0.052642,0.042464,0.022580,-0.000672,-0.018507,0.040333,-0.024149,-0.014402,0.018190
0.039356,0.023274,0.054840,0.011942,0.008395,0.031469,-0.024254,0.017041,0.034554,0.031995,0.027051,0.028518,-0.002165,0.005189,-0.031118,-0.004206,0.017095,0.010162,-0.006455,-0.020760,0.003709,-0.003407,-0.011769,-0.004327,-0.020999,-0.013121,-0.019419,0.027815,0.016615,-0.009322,-0.002080,0.027871,-0.002234,-0.001444,0.007749,-0.013503,0.023340,0.004387,0.004259,0.003141,-0.007693,-0.008309,-0.004426,-0.006895,-0.009326,-0.000059,-0.013995,-0.038386,-0.006376,-0.003053,-0.012992,-0.019014,-0.035545,-0.001187,-0.029601,-0.015010,-0.025595,-0.021519,0.035639,-0.008532,0.005633,-0.005422,-0.020683,0.026898,0.022756,0.020490,-0.031509,-0.027138,-0.022778,-0.015817,0.021344
0.091856,0.045064,0.011942,0.087075,0.031036,0.010107,0.010436,0.019299,-0.000971,0.002582,-0.019972,-0.028295,0.046913,0.031071,0.060183,0.008566,0.005850,-0.008468,-0.006846,0.022535,0.028585,-0.023847,0.003308,0.021191,0.009267,-0.002723,-0.024303,0.019916,-0.005403,-0.001030,-0.019177,0.026042,-0.025605,-0.017182,-0.017186,-0.001836,-0.018400,-0.001286,-0.003475,-0.036055,-0.049596,-0.034840,-0.015348,-0.029145,-0.046021,0.021856,-0.001150,-0.000317,-0.011969,0.003736,-0.003754,0.022397,0.026297,-0.028241,-0.000498,-0.000757,-0.071096,-0.035290,0.032514,-0.012770,0.002840,-0.023416,0.009691,-0.002726,0.016975,0.008140,-0.012969,0.012934,-0.015503,-0.013694,0.043417
0.095701,0.108506,0.008395,0.031036,0.177670,0.080657,0.057071,0.034997,0.003792,0.000508,-0.052866,-0.018110,0.009338,0.010951,-0.038780,0.021123,0.107693,0.131515,0.069585,0.114747,0.139479,0.067750,0.037051,0.035817,0.036925,0.044745,-0.002758,0.021350,-0.017285,0.014011,0.017929,0.006530,-0.041246,-0.055689,0.033403,-0.030679,-0.023991,-0.022384,-0.036101,-0.067988,-0.088864,-0.030304,0.028544,-0.046542,-0.062823,0.009643,-0.020033,-0.032578,-0.007892,0.004692,-0.027022,-0.001748,-0.020234,-0.017944,-0.045898,0.000234,-0.039394,-0.013164,0.082184,-0.001751,0.011091,0.120625,0.073545,0.053179,-0.017873,-0.026950,0.012996,0.052149,-0.012190,0.010308,0.076080
0.045054,0.090961,0.031469,0.010107,0.080657,0.219294,0.033740,0.060499,0.022672,0.006208,-0.019270,0.019117,0.008235,-0.008832,-0.038550,0.001754,0.094220,0.079779,0.035886,0.053676,0.094151,0.143134,0.078391,0.035733,0.033359,0.036845,0.016488,0.087672,0.017362,0.033937,0.049234,0.003730,-0.042459,-0.046781,0.039873,-0.029912,-0.019065,-0.040335,-0.043784,-0.063447,-0.037811,-0.007419,0.004197,-0.034440,-0.034491,0.040824,-0.028052,-0.031315,-0.000958,-0.006856,-0.029635,-0.008725,-0.083918,-0.090035,-0.060736,0.016969,-0.077153,-0.028149,0.044871,0.004128,0.005410,0.070167,0.032667,0.092311,-0.011394,-0.021727,0.009093,0.036106,-0.053312,0.030353,0.014124
0.038021,0.062595,-0.024254,0.010436,0.057071,0.033740,0.090462,0.000971,-0.018748,-0.006777,-0.044998,-0.052642,0.003689,0.000112,-0.019025,-0.012464,0.030298,0.063736,0.030298,0.047476,0.052208,0.043659,0.045545,0.050017,0.051418,0.030722,0.020330,0.000701,-0.006312,-0.004755,0.013979,-0.003400,-0.023330,-0.016865,0.024882,0.007354,-0.024780,-0.014437,-0.035225,-0.038425,-0.050118,-0.015213,0.002818,-0.050413,-0.037842,0.005773,0.007749,0.012856,-0.007257,0.014870,0.003506,0.010149,-0.013823,-0.052125,-0.024836,-0.000306,-0.031548,-0.014730,0.014215,-0.006463,-0.033867,0.054589,0.058819,-0.000193,-0.004112,-0.019967,0.038368,0.053942,-0.029224,0.008084,-0.015334
0.030060,0.053142,0.017041,0.019299,0.034997,0.060499,0.000971,0.159219,0.020507,0.009897,-0.021273,-0.001042,0.013999,0.013028,0.018016,0.012779,0.025111,0.032861,0.015337,0.015074,0.073330,0.074904,0.029536,0.009834,0.005536,-0.013264,-0.019606,0.072030,0.043026,-0.022845,0.027496,0.017199,-0.036810,-0.000852,-0.016359,-0.022909,-0.005210,-0.035345,-0.010130,-0.047839,-0.061595,-0.020254,-0.023092,-0.011658,-0.025683,0.040217,-0.021397,-0.018433,0.002726,-0.027958,-0.017335,0.038275,0.003299,0.021861,-0.042554,0.012917,-0.018929,-0.018313,0.027620,-0.015997,0.029544,0.019237,0.013504,0.026698,0.025224,-0.021080,-0.001409,0.000556,0.011031,0.017525,0.044220
0.009144,0.006598,0.034554,-0.000971,0.003792,0.022672,-0.018748,0.020507,0.043902,0.021596,0.018996,0.015948,0.001029,0.011356,-0.053186,0.003780,0.011121,0.002773,0.001980,-0.001333,-0.002442,0.013067,0.000050,-0.008598,-0.004847,-0.001452,-0.020587,0.026355,0.035408,-0.015485,0.009062,0.035392,0.009433,0.016553,0.009445,-0.016503,0.023539,0.000891,0.005697,-0.001374,-0.011346,-0.010027,-0.008955,-0.037941,-0.012199,0.013318,-0.009379,-0.037369,0.015040,-0.014576,0.001531,-0.011606,-0.042089,-0.015214,-0.045548,0.001768,-0.019917,-0.004183,0.005103,-0.007360,0.006007,0.004976,-0.019832,0.028690,0.034809,0.005046,-0.025851,-0.008760,-0.034779,0.009616,-0.016700
0.011000,0.009272,0.031995,0.002582,0.000508,0.006208,-0.006777,0.009897,0.021596,0.071979,0.013883,-0.002236,-0.014044,0.025377,-0.040858,-0.009624,0.004537,0.010831,-0.037152,0.000058,-0.006814,-0.008162,-0.001686,0.012375,-0.010453,-0.003114,-0.006115,0.024781,0.017134,0.003495,-0.001097,0.019883,-0.013672,-0.004856,0.027203,0.006959,0.057010,-0.009210,-0.000999,-0.012428,-0.012315,-0.022319,-0.023711,-0.036553,-0.008940,-0.015658,-0.009377,-0.021173,-0.002722,0.032229,-0.013440,0.007219,-0.033497,-0.008095,-0.031691,-0.014227,-0.042488,-0.017287,0.027448,0.004678,0.001225,-0.002243,-0.020296,0.005856,0.014623,0.013888,-0.023232,0.008487,0.016711,-0.002899,0.000089
-0.033156,-0.038142,0.027051,-0.019972,-0.052866,-0.019270,-0.044998,-0.021273,0.018996,0.013883,0.061157,0.035818,-0.010007,-0.006536,-0.021264,0.000899,-0.025532,-0.046185,-0.033805,-0.054012,-0.051391,-0.047506,-0.014112,-0.021249,-0.029317,-0.029614,-0.004668,-0.008940,0.002665,0.001820,-0.020440,0.007883,0.018730,0.012086,-0.005016,-0.000971,0.028052,0.028103,0.029100,0.041532,0.060717,0.015856,-0.023044,0.028843,0.036555,-0.013299,-0.007031,-0.022785,0.001378,-0.005875,0.004666,-0.011556,-0.013907,0.026781,-0.004257,-0.008335,0.021553,-0.006851,-0.009194,0.014158,-0.000220,-0.041187,-0.050441,-0.013650,0.005447,0.017913,-0.034773,-0.047265,-0.005995,-0.008613,-0.000468
-0.056044,-0.048712,0.028518,-0.028295,-0.018110,0.019117,-0.052642,-0.001042,0.015948,-0.002236,0.035818,0.105146,-0.003743,-0.026998,-0.003782,0.004135,0.013454,-0.031067,0.020814,-0.064231,0.022470,0.007468,-0.020142,-0.032362,-0.036096,-0.006963,-0.009906,-0.002934,-0.021147,0.034522,-0.006400,-0.012844,0.008580,-0.006570,-0.012510,-0.006034,-0.001631,0.011869,0.004941,0.013572,0.054119,0.055153,0.060141,0.060668,0.047109,0.009158,-0.008902,-0.022109,-0.004858,-0.022934,-0.007626,-0.058321,-0.018447,0.036721,0.044242,0.005789,0.028872,0.012354,-0.004811,0.039804,0.024476,-0.016830,-0.025701,-0.002717,-0.026127,-0.013864,-0.000336,-0.053438,-0.023866,-0.006950,0.057634
0.027036,0.011249,-0.002165,0.046913,0.009338,0.008235,0.003689,0.013999,0.001029,-0.014044,-0.010007,-0.003743,0.060082,0.013487,0.021493,0.002088,0.002543,-0.017205,0.028445,0.012169,0.022989,0.001602,0.007507,0.001168,0.021831,-0.009839,-0.012663,0.004450,0.006089,-0.005343,-0.007257,0.008142,-0.008877,0.001790,-0.015584,-0.009934,-0.026762,-0.000078,-0.001957,-0.009423,-0.016487,-0.004725,0.000512,-0.021551,-0.020279,0.056907,0.007192,0.007235,-0.001932,-0.018975,0.005958,-0.016908,-0.022866,-0.027868,-0.004228,0.010202,-0.048561,-0.016589,-0.006403,0.001205,0.021639,-0.015360,0.021643,0.002260,0.019587,0.003522,0.008051,0.015082,-0.039525,0.015636,0.016857
0.037133,0.017613,0.005189,0.031071,0.010951,-0.008832,0.000112,0.013028,0.011356,0.025377,-0.006536,-0.026998,0.013487,0.060098,-0.025722,0.012678,-0.011553,-0.019003,-0.011163,0.040320,0.007322,-0.023180,-0.004771,0.011867,0.004974,-0.002428,-0.019075,0.024282,0.011773,-0.011524,-0.017218,0.027456,-0.004005,-0.007137,0.013423,0.006663,0.027969,-0.002284,-0.003358,-0.021490,-0.033017,-0.029055,-0.024942,-0.061670,-0.014004,-0.004206,-0.004886,-0.021985,0.043837,0.018519,0.017292,0.020831,-0.013482,-0.008634,-0.053138,0.003925,-0.042749,-0.020541,0.020817,-0.000698,0.023415,-0.010777,-0.005011,-0.002427,0.027308,-0.012270,-0.010818,0.012545,0.013982,0.004739,0.016479
-0.015838,-0.040849,-0.031118,0.060183,-0.038780,-0.038550,-0.019025,0.018016,-0.053186,-0.040858,-0.021264,-0.003782,0.021493,-0.025722,0.452977,-0.008001,-0.031078,0.003650,-0.052567,-0.033359,0.015681,-0.041146,-0.002781,-0.001553,-0.026452,-0.018035,0.021145,0.013053,-0.055946,0.112401,0.022040,-0.038689,-0.062017,-0.047353,-0.050388,-0.001154,-0.073335,-0.030921,-0.001354,-0.021502,0.001813,-0.003742,0.012251,0.134425,-0.023467,-0.014808,-0.022480,0.043433,-0.065906,-0.029579,-0.011518,0.212138,0.205445,0.121386,0.181294,-0.038043,0.151006,-0.029508,-0.013497,0.002084,0.024352,-0.041888,0.000613,-0.017040,-0.053777,0.045815,0.063557,-0.027388,0.115567,-0.028702,0.093498
-0.010498,-0.011184,-0.004206,0.008566,0.021123,0.001754,-0.012464,0.012779,0.003780,-0.009624,0.000899,0.004135,0.002088,0.012678,-0.008001,0.069015,0.021197,-0.020087,0.001722,0.036234,0.025415,0.016989,-0.001716,-0.009111,-0.000228,-0.001680,-0.010454,0.012291,-0.003332,0.009375,-0.000050,-0.003448,0.000804,-0.008989,0.012107,-0.025241,0.004315,-0.008267,0.001533,-0.003795,0.000356,-0.012095,0.002900,0.026597,-0.001846,0.008517,-0.014355,-0.023477,0.022823,-0.023283,0.016481,0.001403,0.017993,0.014942,0.024659,0.027329,0.032881,0.023400,0.012604,0.012941,0.043830,0.013262,-0.007127,0.001580,-0.008382,-0.025635,0.004542,0.008602,0.042262,0.020498,0.032741
0.055877,0.057102,0.017095,0.005850,0.107693,0.094220,0.030298,0.025111,0.011121,0.004537,-0.025532,0.013454,0.002543,-0.011553,-0.031078,0.021197,0.151156,0.100778,0.046481,0.070635,0.122876,0.078267,0.028270,0.022970,0.030512,0.030246,0.011105,0.045924,-0.002021,0.014565,0.023563,-0.011214,-0.030912,-0.038812,0.046914,-0.037256,-0.014409,-0.036035,-0.035741,-0.039699,-0.043242,-0.019817,0.045437,0.012841,-0.035963,0.020770,-0.033607,-0.009644,-0.005883,-0.028683,-0.001793,-0.005359,-0.062557,-0.029466,0.012435,0.008472,0.000397,-0.008611,0.068336,0.022104,0.048818,0.127217,0.072898,0.064914,-0.015057,-0.026890,0.046838,0.031561,0.001834,0.009016,0.037908
0.050127,0.094488,0.010162,-0.008468,0.131515,0.079779,0.063736,0.032861,0.002773,0.010831,-0.046185,-0.031067,-0.017205,-0.019003,0.003650,-0.020087,0.100778,0.268519,0.056321,0.083705,0.074961,0.103286,0.040280,0.040643,0.047385,0.056572,0.032190,0.047784,0.002125,-0.008882,0.074126,-0.009554,-0.050861,-0.034377,0.053799,-0.033316,-0.004281,-0.023724,-0.054460,-0.033452,-0.092721,-0.031327,0.046092,-0.056925,-0.056355,0.011658,-0.019655,-0.013560,-0.030710,0.002695,-0.021206,0.010435,-0.013476,-0.041734,-0.074805,-0.025584,-0.045619,0.005063,0.056209,-0.024960,0.000208,0.175921,0.109003,0.115329,-0.018906,0.008645,0.052967,0.060697,-0.021144,-0.003661,-0.021606
0.025108,0.033083,-0.006455,-0.006846,0.069585,0.035886,0.030298,0.015337,0.001980,-0.037152,-0.033805,0.020814,0.028445,-0.011163,-0.052567,0.001722,0.046481,0.056321,0.163636,0.070583,0.069176,0.067723,0.009396,0.009664,0.039335,0.015786,-0.003292,0.012640,0.011026,-0.028044,0.018616,-0.013091,0.005975,-0.004585,0.017160,-0.020642,-0.031709,-0.002515,-0.030835,-0.012735,-0.040268,0.015098,0.071433,-0.008317,-0.011342,0.051919,-0.000012,-0.001799,0.021332,-0.029623,0.013971,-0.069328,-0.073651,-0.009230,-0.040473,0.009905,-0.014904,0.018273,-0.002809,-0.011258,0.025239,0.102417,0.101200,0.047403,0.020949,-0.031094,0.056862,0.025867,-0.069270,0.028421,0.024907
0.063281,0.069035,-0.020760,0.022535,0.114747,0.053676,0.047476,0.015074,-0.001333,0.000058,-0.054012,-0.064231,0.012169,0.040320,-0.033359,0.036234,0.070635,0.083705,0.070583,0.233368,0.075999,0.066440,0.035732,0.029562,0.056343,0.036155,-0.007329,0.043324,0.028332,-0.044997,0.056325,0.003888,-0.024068,-0.032451,0.080129,-0.045339,0.001540,-0.028793,-0.035698,-0.036883,-0.077596,-0.053708,0.011974,-0.072135,-0.050846,0.022638,-0.007038,-0.016016,0.041809,0.004361,0.004226,-0.013930,-0.080522,-0.041769,-0.049355,0.016341,-0.036907,0.014208,0.026260,-0.028077,0.035549,0.154534,0.094251,0.075801,0.002462,-0.022976,0.046144,0.117023,0.009663,0.053841,-0.015960
0.050048,0.047243,0.003709,0.028585,0.139479,0.094151,0.052208,0.073330,-0.002442,-0.006814,-0.051391,0.022470,0.022989,0.007322,0.015681,0.025415,0.122876,0.074961,0.069176,0.075999,0.286441,0.069046,0.022900,0.044372,0.024677,0.038934,0.001227,0.027817,-0.037165,0.044268,0.007087,-0.009870,-0.040575,-0.061533,0.020532,-0.030446,-0.036614,-0.043163,-0.056430,-0.084388,-0.053228,-0.021770,0.062364,0.023055,-0.020142,0.025674,-0.042790,0.002185,-0.005256,-0.037695,0.010142,0.042126,-0.028406,-0.002162,0.002872,0.018039,0.014015,-0.026153,0.054551,0.024648,0.039167,0.091393,0.089352,0.013987,-0.033861,-0.058643,0.063522,0.012586,-0.027896,0.027961,0.155922
-0.033581,0.040908,-0.003407,-0.023847,0.067750,0.143134,0.043659,0.074904,0.013067,-0.008162,-0.047506,0.007468,0.001602,-0.023180,-0.041146,0.016989,0.078267,0.103286,0.067723,0.066440,0.069046,0.207316,0.051857,0.004660,0.040911,0.043576,0.022629,0.072710,0.040288,0.009058,0.082420,-0.021396,-0.025178,-0.012659,0.044688,-0.039683,-0.019354,-0.051823,-0.054916,-0.039852,-0.053905,0.001046,0.038023,-0.028371,-0.031348,0.068428,-0.008395,-0.012981,0.014115,-0.022666,-0.022298,-0.024238,-0.075815,-0.041569,-0.031174,0.029622,-0.021838,0.027752,0.000514,-0.000384,0.029385,0.101652,0.045566,0.106639,-0.009545,-0.029125,0.053211,0.066965,-0.026660,0.058683,-0.035505
0.002348,0.044619,-0.011769,0.003308,0.037051,0.078391,0.045545,0.029536,0.000050,-0.001686,-0.014112,-0.020142,0.007507,-0.004771,-0.002781,-0.001716,0.028270,0.040280,0.009396,0.035732,0.022900,0.051857,0.078289,0.028854,0.034708,0.020049,0.008156,0.026992,0.008294,0.019192,0.027245,0.003536,-0.026587,-0.017758,0.020122,0.000735,-0.012811,-0.015236,-0.015356,-0.035795,-0.023448,-0.003316,-0.015525,-0.039344,-0.024674,0.020409,-0.002749,-0.003538,-0.000799,0.002468,-0.000561,0.003271,-0.027328,-0.060479,-0.020109,0.015125,-0.043532,-0.009366,0.000536,0.010164,-0.014534,0.040360,0.022042,0.014303,-0.008208,-0.022193,0.014612,0.040455,-0.034685,0.025289,-0.016848
0.056364,0.051860,-0.004327,0.021191,0.035817,0.035733,0.050017,0.009834,-0.008598,0.012375,-0.021249,-0.032362,0.001168,0.011867,-0.001553,-0.009111,0.022970,0.040643,0.009664,0.029562,0.044372,0.004660,0.028854,0.063374,0.030329,0.021829,0.016187,0.029656,-0.005107,-0.000005,0.003227,0.006682,-0.030766,-0.026281,0.013706,0.002263,-0.001582,-0.007566,-0.025281,-0.043950,-0.031978,-0.025813,-0.012126,-0.021398,-0.024010,-0.014352,-0.013005,0.006380,-0.012845,0.016441,-0.005158,0.019785,0.017683,-0.037120,-0.030258,-0.010349,-0.042162,-0.030867,0.020413,-0.014468,-0.025898,0.027489,0.043740,-0.001469,0.000046,-0.011638,0.014524,0.018154,-0.006048,-0.010376,0.001689
0.021113,0.040589,-0.020999,0.009267,0.036925,0.033359,0.051418,0.005536,-0.004847,-0.010453,-0.029317,-0.036096,0.021831,0.004974,-0.026452,-0.000228,0.030512,0.047385,0.039335,0.056343,0.024677,0.040911,0.034708,0.030329,0.067606,0.021030,0.016792,0.006557,0.008388,-0.003991,0.005507,-0.003705,-0.012794,0.006837,0.024406,-0.008463,-0.019845,-0.013823,-0.016498,-0.029233,-0.026902,-0.012492,-0.003046,-0.048215,-0.029421,0.032463,0.009432,0.016014,0.007036,-0.004055,0.007403,0.004597,-0.034866,-0.040043,-0.030061,0.004697,-0.034225,-0.004546,0.008360,0.004893,0.008969,0.059579,0.058685,0.010993,0.017234,-0.010992,0.033247,0.063907,-0.017055,0.015110,-0.018896
0.004742,0.012161,-0.013121,-0.002723,0.044745,0.036845,0.030722,-0.013264,-0.001452,-0.003114,-0.029614,-0.006963,-0.009839,-0.002428,-0.018035,-0.001680,0.030246,0.056572,0.015786,0.036155,0.038934,0.043576,0.020049,0.021829,0.021030,0.069547,0.016518,0.012138,-0.017946,0.019314,0.039393,-0.001418,-0.008481,-0.025485,0.010445,-0.003901,0.000160,-0.001274,-0.032419,-0.029900,-0.030350,-0.006523,0.038591,-0.032890,-0.015961,-0.005774,-0.006888,-0.000001,-0.004484,0.006038,-0.001703,-0.004460,-0.000422,-0.063918,-0.022968,0.008990,-0.018324,0.018102,-0.001223,0.004842,-0.012993,0.044754,0.036289,0.015825,-0.029459,-0.022501,0.025561,0.029736,-0.033039,0.013376,-0.011817
-0.026945,-0.003060,-0.019419,-0.024303,-0.002758,0.016488,0.020330,-0.019606,-0.020587,-0.006115,-0.004668,-0.009906,-0.012663,-0.019075,0.021145,-0.010454,0.011105,0.032190,-0.003292,-0.007329,0.001227,0.022629,0.008156,0.016187,0.016792,0.016518,0.074028,-0.009722,-0.014121,0.028906,0.007211,-0.032708,-0.008574,-0.020775,-0.003862,-0.001690,-0.016047,-0.005862,-0.003751,0.003269,0.017328,0.018677,-0.000919,0.024853,0.012006,-0.015128,-0.011234,0.008590,-0.022221,0.006137,-0.024051,0.055531,0.009217,0.006908,-0.006272,-0.011316,0.041420,-0.005486,-0.003019,0.008925,0.005651,-0.000314,0.037199,0.002170,-0.039012,-0.001063,0.035078,0.010927,0.033631,-0.006449,0.007642
0.044934,0.042073,0.027815,0.019916,0.021350,0.087672,0.000701,0.072030,0.026355,0.024781,-0.008940,-0.002934,0.004450,0.024282,0.013053,0.012291,0.045924,0.047784,0.012640,0.043324,0.027817,0.072710,0.026992,0.029656,0.006557,0.012138,-0.009722,0.116001,0.044158,-0.007651,0.047376,0.020392,-0.035479,-0.025787,0.029872,-0.022041,0.022869,-0.024756,-0.031064,-0.036542,-0.054364,-0.035659,-0.004430,-0.033461,-0.031309,0.017075,-0.032702,-0.025283,0.022040,-0.011357,0.003988,0.002192,-0.024035,-0.036596,-0.051082,0.007836,-0.032825,-0.023858,0.028564,-0.014310,0.030857,0.038500,0.022888,0.076812,0.026377,-0.012606,0.014675,0.003700,0.005041,0.020787,-0.007500
0.006209,0.014382,0.016615,-0.005403,-0.017285,0.017362,-0.006312,0.043026,0.035408,0.017134,0.002665,-0.021147,0.006089,0.011773,-0.055946,-0.003332,-0.002021,0.002125,0.011026,0.028332,-0.037165,0.040288,0.008294,-0.005107,0.008388,-0.017946,-0.014121,0.044158,0.084486,-0.048474,0.028184,0.026810,0.011907,0.040023,0.014570,-0.019468,0.021955,-0.018778,0.006487,0.001474,-0.017924,-0.015289,-0.038096,-0.042319,-0.019905,0.028507,0.002529,-0.021561,0.024381,-0.011934,-0.003692,-0.014346,-0.049606,-0.015663,-0.047379,0.008959,-0.034618,-0.005292,-0.013510,-0.032731,0.009881,0.016987,-0.007407,0.048568,0.058338,0.010819,-0.018630,0.015220,-0.018593,0.024765,-0.060981
-0.057415,-0.030316,-0.009322,-0.001030,0.014011,0.033937,-0.004755,-0.022845,-0.015485,0.003495,0.001820,0.034522,-0.005343,-0.011524,0.112401,0.009375,0.014565,-0.008882,-0.028044,-0.044997,0.044268,0.009058,0.019192,-0.000005,-0.003991,0.019314,0.028906,-0.007651,-0.048474,0.253244,-0.025640,-0.030781,-0.031410,-0.028395,0.003402,0.004002,-0.010067,-0.025945,0.010655,-0.042989,0.033064,0.018725,-0.003933,0.092019,-0.008534,-0.026905,-0.021624,-0.029028,-0.004901,0.003598,-0.015340,0.115403,0.035526,0.072971,0.079251,-0.007971,0.069685,-0.017979,0.022548,0.058869,0.038709,-0.010003,-0.046325,-0.020344,-0.032331,0.006251,-0.003305,-0.016309,0.064449,0.003080,0.103547
-0.022930,0.009633,-0.002080,-0.019177,0.017929,0.049234,0.013979,0.027496,0.009062,-0.001097,-0.020440,-0.006400,-0.007257,-0.017218,0.022040,-0.000050,0.023563,0.074126,0.018616,0.056325,0.007087,0.082420,0.027245,0.003227,0.005507,0.039393,0.007211,0.047376,0.028184,-0.025640,0.111845,-0.002629,-0.019195,-0.014016,0.022756,-0.032643,0.006552,-0.018407,-0.042663,0.003420,-0.032964,-0.013284,0.021606,-0.015682,-0.016954,0.026984,-0.013480,-0.010469,-0.009047,-0.023447,-0.000363,-0.026658,-0.030192,-0.052582,-0.007949,0.008626,0.005471,0.032787,-0.027196,-0.033017,-0.015748,0.054007,0.034392,0.072856,-0.024568,-0.010170,0.029583,0.028846,-0.031486,0.040190,-0.071974
0.044277,0.027392,0.027871,0.026042,0.006530,0.003730,-0.003400,0.017199,0.035392,0.019883,0.007883,-0.012844,0.008142,0.027456,-0.038689,-0.003448,-0.011214,-0.009554,-0.013091,0.003888,-0.009870,-0.021396,0.003536,0.006682,-0.003705,-0.001418,-0.032708,0.020392,0.026810,-0.030781,-0.002629,0.055138,0.003784,0.010581,0.001012,-0.002591,0.015852,0.010698,0.005770,-0.010246,-0.033192,-0.025171,-0.022638,-0.073702,-0.027548,-0.000739,-0.000240,-0.029557,0.010490,0.001313,0.005199,-0.009046,-0.019275,-0.044951,-0.060749,0.000060,-0.058076,-0.017953,0.007516,-0.024659,-0.022982,-0.022710,-0.018124,0.007614,0.043052,0.006937,-0.038088,-0.005066,-0.051276,0.000723,-0.023877
-0.031525,-0.043907,-0.002234,-0.025605,-0.041246,-0.042459,-0.023330,-0.036810,0.009433,-0.013672,0.018730,0.008580,-0.008877,-0.004005,-0.062017,0.000804,-0.030912,-0.050861,0.005975,-0.024068,-0.040575,-0.025178,-0.026587,-0.030766,-0.012794,-0.008481,-0.008574,-0.035479,0.011907,-0.031410,-0.019195,0.003784,0.058357,0.035799,-0.003628,0.010650,0.009376,0.023294,0.018324,0.037201,0.036715,0.020065,0.002563,-0.003287,0.029924,-0.003035,0.018776,0.009898,0.021567,-0.002828,0.024356,-0.030728,-0.030047,-0.001729,-0.006360,0.007760,0.020528,0.019451,-0.030617,0.002290,-0.006312,-0.021142,-0.026164,-0.018463,0.018139,0.004039,-0.013563,-0.015638,-0.024168,-0.004303,-0.024885
-0.030396,-0.030447,-0.001444,-0.017182,-0.055689,-0.046781,-0.016865,-0.000852,0.016553,-0.004856,0.012086,-0.006570,0.001790,-0.007137,-0.047353,-0.008989,-0.038812,-0.034377,-0.004585,-0.032451,-0.061533,-0.012659,-0.017758,-0.026281,0.006837,-0.025485,-0.020775,-0.025787,0.040023,-0.028395,-0.014016,0.010581,0.035799,0.077874,0.000496,0.004636,0.014619,0.000874,0.024051,0.024134,0.024116,0.006322,-0.024106,-0.013444,0.009412,0.021423,0.028244,0.013588,0.023071,-0.011613,0.020911,-0.020162,-0.020262,0.010245,0.002630,0.005383,-0.011833,0.019051,-0.033867,-0.013403,-0.002547,-0.012852,-0.033033,-0.012854,0.050696,0.014240,-0.020824,0.000691,-0.014440,-0.005311,-0.058566
0.001666,0.019254,0.007749,-0.017186,0.033403,0.039873,0.024882,-0.016359,0.009445,0.027203,-0.005016,-0.012510,-0.015584,0.013423,-0.050388,0.012107,0.046914,0.053799,0.017160,0.080129,0.020532,0.044688,0.020122,0.013706,0.024406,0.010445,-0.003862,0.029872,0.014570,0.003402,0.022756,0.001012,-0.003628,0.000496,0.105616,-0.012458,0.027543,-0.017448,-0.025614,-0.006706,-0.008368,-0.015304,0.004191,-0.051875,-0.015527,0.001394,-0.001908,-0.019726,0.044453,0.012516,0.030955,-0.033468,-0.084066,-0.035527,-0.017664,0.001344,-0.025285,0.000793,0.022229,0.006552,0.013798,0.091940,0.025576,0.039849,0.021177,0.004370,0.024577,0.050470,0.002801,0.012485,-0.031462
-0.002891,-0.013078,-0.013503,-0.001836,-0.030679,-0.029912,0.007354,-0.022909,-0.016503,0.006959,-0.000971,-0.006034,-0.009934,0.006663,-0.001154,-0.025241,-0.037256,-0.033316,-0.020642,-0.045339,-0.030446,-0.039683,0.000735,0.002263,-0.008463,-0.003901,-0.001690,-0.022041,-0.019468,0.004002,-0.032643,-0.002591,0.010650,0.004636,-0.012458,0.053657,0.004600,0.013100,0.007345,-0.005335,0.013571,0.014472,-0.007411,-0.025772,0.019670,-0.025477,0.018157,0.035878,0.002439,0.035973,0.017023,0.003310,0.017547,-0.006348,-0.005172,-0.001561,-0.021305,-0.005581,-0.005838,0.018735,-0.034314,-0.044692,-0.018937,-0.041149,-0.003629,-0.012857,-0.009921,-0.014856,0.002644,-0.020883,0.005993
-0.016578,-0.020951,0.023340,-0.018400,-0.023991,-0.019065,-0.024780,-0.005210,0.023539,0.057010,0.028052,-0.001631,-0.026762,0.027969,-0.073335,0.004315,-0.014409,-0.004281,-0.031709,0.001540,-0.036614,-0.019354,-0.012811,-0.001582,-0.019845,0.000160,-0.016047,0.022869,0.021955,-0.010067,0.006552,0.015852,0.009376,0.014619,0.027543,0.004600,0.090105,0.006135,-0.001135,0.016230,0.006391,-0.022796,-0.021030,-0.033817,0.016702,-0.020118,-0.009618,-0.031418,0.037398,0.023979,0.014666,-0.009986,-0.037899,0.002824,-0.048297,-0.002756,-0.028057,0.009669,0.005634,0.000894,0.012580,0.003926,-0.036166,0.008346,0.017100,0.000293,-0.021987,-0.008856,0.025531,0.007312,-0.021762
0.003896,-0.016274,0.004387,-0.001286,-0.022384,-0.040335,-0.014437,-0.035345,0.000891,-0.009210,0.028103,0.011869,-0.000078,-0.002284,-0.030921,-0.008267,-0.036035,-0.023724,-0.002515,-0.028793,-0.043163,-0.051823,-0.015236,-0.007566,-0.013823,-0.001274,-0.005862,-0.024756,-0.018778,-0.025945,-0.018407,0.010698,0.023294,0.000874,-0.017448,0.013100,0.006135,0.057520,0.014871,0.031790,0.018326,0.015565,0.007152,-0.022764,0.020110,-0.011694,0.009663,-0.003904,-0.004510,0.008900,0.009887,-0.043576,-0.008253,-0.009032,-0.031273,-0.005990,0.003251,-0.004873,-0.015335,0.003488,-0.035397,-0.032212,-0.012628,-0.026701,-0.004533,0.007660,-0.022392,-0.027124,-0.038310,-0.022150,-0.009297
-0.013605,-0.023033,0.004259,-0.003475,-0.036101,-0.043784,-0.035225,-0.010130,0.005697,-0.000999,0.029100,0.004941,-0.001957,-0.003358,-0.001354,0.001533,-0.035741,-0.054460,-0.030835,-0.035698,-0.056430,-0.054916,-0.015356,-0.025281,-0.016498,-0.032419,-0.003751,-0.031064,0.006487,0.010655,-0.042663,0.005770,0.018324,0.024051,-0.025614,0.007345,-0.001135,0.014871,0.054348,0.020495,0.038819,0.013399,-0.029605,0.025566,0.009256,-0.013617,0.009817,-0.007041,-0.009905,0.004453,-0.013940,0.012913,0.024468,0.030779,0.012975,-0.004609,0.030517,-0.005166,-0.005790,0.008781,0.005689,-0.043491,-0.043650,-0.034874,0.014523,0.029657,-0.039026,-0.018089,0.023488,-0.010368,0.010069
-0.052068,-0.054129,0.003141,-0.036055,-0.067988,-0.063447,-0.038425,-0.047839,-0.001374,-0.012428,0.041532,0.013572,-0.009423,-0.021490,-0.021502,-0.003795,-0.039699,-0.033452,-0.012735,-0.036883,-0.084388,-0.039852,-0.035795,-0.043950,-0.029233,-0.029900,0.003269,-0.036542,0.001474,-0.042989,0.003420,-0.010246,0.037201,0.024134,-0.006706,-0.005335,0.016230,0.031790,0.020495,0.095438,0.043204,0.018241,0.005360,0.024572,0.036330,-0.000852,0.008787,-0.001183,0.001353,-0.017736,0.019613,-0.047654,-0.036392,0.007099,0.007124,-0.002923,0.039126,0.034587,-0.035466,-0.007435,0.004317,-0.036556,-0.017624,-0.004965,0.000138,0.023809,-0.008401,-0.028907,-0.012464,0.007109,-0.049540
-0.097992,-0.089319,-0.007693,-0.049596,-0.088864,-0.037811,-0.050118,-0.061595,-0.011346,-0.012315,0.060717,0.054119,-0.016487,-0.033017,0.001813,0.000356,-0.043242,-0.092721,-0.040268,-0.077596,-0.053228,-0.053905,-0.023448,-0.031978,-0.026902,-0.030350,0.017328,-0.054364,-0.017924,0.033064,-0.032964,-0.033192,0.036715,0.024116,-0.008368,0.013571,0.006391,0.018326,0.038819,0.043204,0.150016,0.057450,-0.016311,0.077134,0.081269,-0.021725,0.013727,0.016150,-0.000558,0.003918,-0.001803,-0.010042,0.018548,0.047109,0.063821,-0.000708,0.052874,0.009762,-0.041945,0.037617,-0.001263,-0.054259,-0.065893,-0.050665,-0.027872,0.019352,-0.022443,-0.046365,0.029729,-0.007923,0.012217
-0.062054,-0.035799,-0.008309,-0.034840,-0.030304,-0.007419,-0.015213,-0.020254,-0.010027,-0.022319,0.015856,0.055153,-0.004725,-0.029055,-0.003742,-0.012095,-0.019817,-0.031327,0.015098,-0.053708,-0.021770,0.001046,-0.003316,-0.025813,-0.012492,-0.006523,0.018677,-0.035659,-0.015289,0.018725,-0.013284,-0.025171,0.020065,0.006322,-0.015304,0.014472,-0.022796,0.015565,0.013399,0.018241,0.057450,0.073398,0.035716,0.025341,0.041905,0.001850,0.018673,-0.006113,-0.005054,0.002006,-0.010598,-0.038756,-0.007820,0.018761,0.038024,0.007304,0.021530,0.007535,-0.020932,0.035175,-0.000093,-0.024790,-0.010393,-0.030797,-0.027308,-0.008911,0.012456,-0.022349,-0.018219,-0.013986,0.031186
-0.027054,-0.028993,-0.004426,-0.015348,0.028544,0.004197,0.002818,-0.023092,-0.008955,-0.023711,-0.023044,0.060141,0.000512,-0.024942,0.012251,0.002900,0.045437,0.046092,0.071433,0.011974,0.062364,0.038023,-0.015525,-0.012126,-0.003046,0.038591,-0.000919,-0.004430,-0.038096,-0.003933,0.021606,-0.022638,0.002563,-0.024106,0.004191,-0.007411,-0.021030,0.007152,-0.029605,0.005360,-0.016311,0.035716,0.141672,0.019285,0.015112,0.017900,0.000753,0.008786,-0.006948,-0.021413,0.010330,-0.075839,-0.031096,-0.029220,0.033063,0.017529,0.014458,0.040241,-0.010253,0.021839,0.034647,0.058084,0.066179,0.014050,-0.038947,-0.023598,0.087988,0.009214,-0.047481,0.009535,0.030440
-0.075896,-0.076513,-0.006895,-0.029145,-0.046542,-0.034440,-0.050413,-0.011658,-0.037941,-0.036553,0.028843,0.060668,-0.021551,-0.061670,0.134425,0.026597,0.012841,-0.056925,-0.008317,-0.072135,0.023055,-0.028371,-0.039344,-0.021398,-0.048215,-0.032890,0.024853,-0.033461,-0.042319,0.092019,-0.015682,-0.073702,-0.003287,-0.013444,-0.051875,-0.025772,-0.033817,-0.022764,0.025566,0.024572,0.077134,0.025341,0.019285,0.359430,0.049943,-0.024065,-0.030969,0.013212,-0.066415,-0.047420,-0.020366,0.028392,0.116993,0.146964,0.227838,-0.018272,0.191206,0.015059,-0.010062,0.017846,0.048137,-0.011676,-0.030739,-0.030513,-0.065714,0.006566,0.032586,-0.069150,0.096879,-0.029303,0.082298
-0.075286,-0.069778,-0.009326,-0.046021,-0.062823,-0.034491,-0.037842,-0.025683,-0.012199,-0.008940,0.036555,0.047109,-0.020279,-0.014004,-0.023467,-0.001846,-0.035963,-0.056355,-0.011342,-0.050846,-0.020142,-0.031348,-0.024674,-0.024010,-0.029421,-0.015961,0.012006,-0.031309,-0.019905,-0.008534,-0.016954,-0.027548,0.029924,0.009412,-0.015527,0.019670,0.016702,0.020110,0.009256,0.036330,0.081269,0.041905,0.015112,0.049943,0.088210,-0.016386,0.004518,0.020017,0.013585,0.002380,0.013395,-0.016782,-0.009088,0.047258,0.016401,0.010266,0.026085,0.019367,-0.037274,0.021211,-0.006643,-0.038184,-0.029608,-0.029621,-0.033012,-0.021175,0.011846,-0.043201,0.012436,-0.002242,0.008396
-0.010147,0.005443,-0.000059,0.021856,0.009643,0.040824,0.005773,0.040217,0.013318,-0.015658,-0.013299,0.009158,0.056907,-0.004206,-0.014808,0.008517,0.020770,0.011658,0.051919,0.022638,0.025674,0.068428,0.020409,-0.014352,0.032463,-0.005774,-0.015128,0.017075,0.028507,-0.026905,0.026984,-0.000739,-0.003035,0.021423,0.001394,-0.025477,-0.020118,-0.011694,-0.013617,-0.000852,-0.021725,0.001850,0.017900,-0.024065,-0.016386,0.096778,0.009584,0.000145,0.006800,-0.039427,0.012815,-0.048154,-0.069772,-0.033894,-0.007320,0.023583,-0.045000,0.009577,-0.024730,0.000905,0.028119,0.024989,0.026986,0.036579,0.022634,-0.002434,0.029779,0.037549,-0.052199,0.037673,-0.023989
-0.016811,-0.006672,-0.013995,-0.001150,-0.020033,-0.028052,0.007749,-0.021397,-0.009379,-0.009377,-0.007031,-0.008902,0.007192,-0.004886,-0.022480,-0.014355,-0.033607,-0.019655,-0.000012,-0.007038,-0.042790,-0.008395,-0.002749,-0.013005,0.009432,-0.006888,-0.011234,-0.032702,0.002529,-0.021624,-0.013480,-0.000240,0.018776,0.028244,-0.001908,0.018157,-0.009618,0.009663,0.009817,0.008787,0.013727,0.018673,0.000753,-0.030969,0.004518,0.009584,0.041282,0.022837,-0.002235,0.023636,-0.004190,-0.044754,-0.009853,-0.022664,0.011046,0.003810,-0.030809,0.006881,-0.018396,0.001484,-0.020157,-0.014536,-0.012283,-0.018284,0.007825,0.009478,-0.010095,0.023603,-0.027342,-0.008144,-0.030647
-0.006250,-0.029687,-0.038386,-0.000317,-0.032578,-0.031315,0.012856,-0.018433,-0.037369,-0.021173,-0.022785,-0.022109,0.007235,-0.021985,0.043433,-0.023477,-0.009644,-0.013560,-0.001799,-0.016016,0.002185,-0.012981,-0.003538,0.006380,0.016014,-0.000001,0.008590,-0.025283,-0.021561,-0.029028,-0.010469,-0.029557,0.009898,0.013588,-0.019726,0.035878,-0.031418,-0.003904,-0.007041,-0.001183,0.016150,-0.006113,0.008786,0.013212,0.020017,0.000145,0.022837,0.133758,-0.025951,0.007187,0.014730,0.001928,0.025311,-0.019126,0.038513,0.001939,0.008140,0.019621,-0.030092,0.001166,-0.018566,-0.014968,0.029698,-0.023337,-0.015752,-0.010721,0.020990,0.012757,-0.002476,-0.009109,-0.029553
-0.017299,-0.015026,-0.006376,-0.011969,-0.007892,-0.000958,-0.007257,0.002726,0.015040,-0.002722,0.001378,-0.004858,-0.001932,0.043837,-0.065906,0.022823,-0.005883,-0.030710,0.021332,0.041809,-0.005256,0.014115,-0.000799,-0.012845,0.007036,-0.004484,-0.022221,0.022040,0.024381,-0.004901,-0.009047,0.010490,0.021567,0.023071,0.044453,0.002439,0.037398,-0.004510,-0.009905,0.001353,-0.000558,-0.005054,-0.006948,-0.066415,0.013585,0.006800,-0.002235,-0.025951,0.116069,-0.004770,0.044713,-0.012474,-0.056000,0.011672,-0.045254,0.022351,-0.017302,0.013155,-0.003656,0.009971,0.053493,0.022300,-0.015169,0.012459,0.033891,-0.034254,0.010739,0.009555,0.023995,0.022186,-0.001526
0.016861,0.020622,-0.003053,0.003736,0.004692,-0.006856,0.014870,-0.027958,-0.014576,0.032229,-0.005875,-0.022934,-0.018975,0.018519,-0.029579,-0.023283,-0.028683,0.002695,-0.029623,0.004361,-0.037695,-0.022666,0.002468,0.016441,-0.004055,0.006038,0.006137,-0.011357,-0.011934,0.003598,-0.023447,0.001313,-0.002828,-0.011613,0.012516,0.035973,0.023979,0.008900,0.004453,-0.017736,0.003918,0.002006,-0.021413,-0.047420,0.002380,-0.039427,0.023636,0.007187,-0.004770,0.073333,-0.027871,-0.006395,0.007436,-0.012088,-0.030410,-0.015075,-0.049891,-0.020227,0.018620,0.004925,-0.034827,-0.013737,-0.021148,-0.016291,-0.011264,0.013009,-0.028268,0.018423,0.017673,-0.025377,-0.001243
-0.009914,-0.032364,-0.012992,-0.003754,-0.027022,-0.029635,0.003506,-0.017335,0.001531,-0.013440,0.004666,-0.007626,0.005958,0.017292,-0.011518,0.016481,-0.001793,-0.021206,0.013971,0.004226,0.010142,-0.022298,-0.000561,-0.005158,0.007403,-0.001703,-0.024051,0.003988,-0.003692,-0.015340,-0.000363,0.005199,0.024356,0.020911,0.030955,0.017023,0.014666,0.009887,-0.013940,0.019613,-0.001803,-0.010598,0.010330,-0.020366,0.013395,0.012815,-0.004190,0.014730,0.044713,-0.027871,0.096210,-0.011369,-0.033021,-0.027730,-0.004994,0.021180,0.006807,0.018612,-0.018563,0.014805,0.003371,0.009689,0.013944,-0.013606,0.028656,-0.032781,0.028811,-0.013010,-0.022678,0.013665,-0.017801
0.016642,0.002281,-0.019014,0.022397,-0.001748,-0.008725,0.010149,0.038275,-0.011606,0.007219,-0.011556,-0.058321,-0.016908,0.020831,0.212138,0.001403,-0.005359,0.010435,-0.069328,-0.013930,0.042126,-0.024238,0.003271,0.019785,0.004597,-0.004460,0.055531,0.002192,-0.014346,0.115403,-0.026658,-0.009046,-0.030728,-0.020162,-0.033468,0.003310,-0.009986,-0.043576,0.012913,-0.047654,-0.010042,-0.038756,-0.075839,0.028392,-0.016782,-0.048154,-0.044754,0.001928,-0.012474,-0.006395,-0.011369,0.349443,0.119057,0.125107,-0.006997,-0.032119,0.095535,-0.043330,0.024558,-0.001389,0.012908,-0.018124,-0.017764,-0.021461,-0.006533,0.019438,0.014559,-0.015288,0.141170,-0.016552,0.074677
-0.004618,-0.023832,-0.035545,0.026297,-0.020234,-0.083918,-0.013823,0.003299,-0.042089,-0.033497,-0.013907,-0.018447,-0.022866,-0.013482,0.205445,0.017993,-0.062557,-0.013476,-0.073651,-0.080522,-0.028406,-0.075815,-0.027328,0.017683,-0.034866,-0.000422,0.009217,-0.024035,-0.049606,0.035526,-0.030192,-0.019275,-0.030047,-0.020262,-0.084066,0.017547,-0.037899,-0.008253,0.024468,-0.036392,0.018548,-0.007820,-0.031096,0.116993,-0.009088,-0.069772,-0.009853,0.025311,-0.056000,0.007436,-0.033021,0.119057,0.329530,0.083196,0.106703,-0.028488,0.106098,-0.003650,-0.004954,-0.008741,-0.015465,-0.076846,-0.046632,-0.067511,-0.044245,0.013099,-0.031840,-0.056848,0.130974,-0.056496,0.049853
-0.043037,-0.052294,-0.001187,-0.028241,-0.017944,-0.090035,-0.052125,0.021861,-0.015214,-0.008095,0.026781,0.036721,-0.027868,-0.008634,0.121386,0.014942,-0.029466,-0.041734,-0.009230,-0.041769,-0.002162,-0.041569,-0.060479,-0.037120,-0.040043,-0.063918,0.006908,-0.036596,-0.015663,0.072971,-0.052582,-0.044951,-0.001729,0.010245,-0.035527,-0.006348,0.002824,-0.009032,0.030779,0.007099,0.047109,0.018761,-0.029220,0.146964,0.047258,-0.033894,-0.022664,-0.019126,0.011672,-0.012088,-0.027730,0.125107,0.083196,0.341253,0.083460,-0.045735,0.172863,-0.012871,0.007781,0.009162,0.046871,-0.004478,-0.070775,-0.026877,-0.011631,0.020038,0.003758,-0.069384,0.187481,-0.047389,0.100596
-0.083453,-0.083046,-0.029601,-0.000498,-0.045898,-0.060736,-0.024836,-0.042554,-0.045548,-0.031691,-0.004257,0.044242,-0.004228,-0.053138,0.181294,0.024659,0.012435,-0.074805,-0.040473,-0.049355,0.002872,-0.031174,-0.020109,-0.030258,-0.030061,-0.022968,-0.006272,-0.051082,-0.047379,0.079251,-0.007949,-0.060749,-0.006360,0.002630,-0.017664,-0.005172,-0.048297,-0.031273,0.012975,0.007124,0.063821,0.038024,0.033063,0.227838,0.016401,-0.007320,0.011046,0.038513,-0.045254,-0.030410,-0.004994,-0.006997,0.106703,0.083460,0.332138,-0.001729,0.149760,0.023724,-0.020282,0.043476,0.034917,-0.008725,-0.041236,-0.063777,-0.062499,0.002158,0.042087,-0.009005,0.075587,-0.029378,0.047264
-0.023066,-0.014156,-0.015010,-0.000757,0.000234,0.016969,-0.000306,0.012917,0.001768,-0.014227,-0.008335,0.005789,0.010202,0.003925,-0.038043,0.027329,0.008472,-0.025584,0.009905,0.016341,0.018039,0.029622,0.015125,-0.010349,0.004697,0.008990,-0.011316,0.007836,0.008959,-0.007971,0.008626,0.000060,0.007760,0.005383,0.001344,-0.001561,-0.002756,-0.005990,-0.004609,-0.002923,-0.000708,0.007304,0.017529,-0.018272,0.010266,0.023583,0.003810,0.001939,0.022351,-0.015075,0.021180,-0.032119,-0.028488,-0.045735,-0.001729,0.044893,-0.031885,0.023083,-0.016753,0.012989,0.010724,-0.003598,0.003558,-0.000836,-0.001787,-0.036837,0.013628,0.011875,-0.030181,0.038877,-0.005522
-0.098296,-0.087401,-0.025595,-0.071096,-0.039394,-0.077153,-0.031548,-0.018929,-0.019917,-0.042488,0.021553,0.028872,-0.048561,-0.042749,0.151006,0.032881,0.000397,-0.045619,-0.014904,-0.036907,0.014015,-0.021838,-0.043532,-0.042162,-0.034225,-0.018324,0.041420,-0.032825,-0.034618,0.069685,0.005471,-0.058076,0.020528,-0.011833,-0.025285,-0.021305,-0.028057,0.003251,0.030517,0.039126,0.052874,0.021530,0.014458,0.191206,0.026085,-0.045000,-0.030809,0.008140,-0.017302,-0.049891,0.006807,0.095535,0.106098,0.172863,0.149760,-0.031885,0.390594,0.007813,-0.017223,0.042297,0.048466,0.003761,-0.026951,-0.037248,-0.049865,0.019351,0.038903,-0.052564,0.139132,-0.007351,0.053230
-0.064285,-0.047243,-0.021519,-0.035290,-0.013164,-0.028149,-0.014730,-0.018313,-0.004183,-0.017287,-0.006851,0.012354,-0.016589,-0.020541,-0.029508,0.023400,-0.008611,0.005063,0.018273,0.014208,-0.026153,0.027752,-0.009366,-0.030867,-0.004546,0.018102,-0.005486,-0.023858,-0.005292,-0.017979,0.032787,-0.017953,0.019451,0.019051,0.000793,-0.005581,0.009669,-0.004873,-0.005166,0.034587,0.009762,0.007535,0.040241,0.015059,0.019367,0.009577,0.006881,0.019621,0.013155,-0.020227,0.018612,-0.043330,-0.003650,-0.012871,0.023724,0.023083,0.007813,0.084425,-0.037862,-0.001261,0.016689,0.022292,0.003676,0.008706,-0.022960,-0.027268,0.016252,0.017578,0.001979,0.033125,-0.039549
0.098265,0.083329,0.035639,0.032514,0.082184,0.044871,0.014215,0.027620,0.005103,0.027448,-0.009194,-0.004811,-0.006403,0.020817,-0.013497,0.012604,0.068336,0.056209,-0.002809,0.026260,0.054551,0.000514,0.000536,0.020413,0.008360,-0.001223,-0.003019,0.028564,-0.013510,0.022548,-0.027196,0.007516,-0.030617,-0.033867,0.022229,-0.005838,0.005634,-0.015335,-0.005790,-0.035466,-0.041945,-0.020932,-0.010253,-0.010062,-0.037274,-0.024730,-0.018396,-0.030092,-0.003656,0.018620,-0.018563,0.024558,-0.004954,0.007781,-0.020282,-0.016753,-0.017223,-0.037862,0.113441,0.019832,0.030974,0.040161,0.018817,0.015514,0.004372,-0.004429,-0.019931,0.002990,0.039754,-0.029375,0.102832
