0.706948,0.353921,0.343961,0.322092,0.212407,-0.010082,0.094750,0.042338,0.258177,0.094945,0.139126,0.083570,0.189287,0.065288,0.216932,0.076129,0.192455,-0.045280,0.020031,-0.114967,0.039402,-0.124197,0.009367,0.072387,-0.019312,-0.054405,-0.362924,-0.022876,0.071079,0.190323,-0.172591,0.179088,0.089894,0.232701,0.105872,-0.059031,0.119927,0.056056,0.150829,0.028582,-0.045818,-0.063104,-0.013684,0.010659,-0.108533,0.187370,0.085970,-0.180433,0.019937,0.035867,0.042367,0.144544,0.073033,0.113488,-0.025978,0.087320,0.006422,-0.090903,0.477181,0.206602,0.164054,-0.009438,-0.042881,-0.114500,0.194660,0.137092,-0.187329,-0.040243,0.367465,-0.019629,0.303212
0.353921,0.274920,0.207977,0.182808,0.180023,-0.035996,0.108331,0.128812,0.143843,0.094767,0.080678,0.038392,0.107867,0.051678,0.103484,0.026252,0.140789,0.070984,0.022646,-0.149183,0.087381,-0.078592,0.040760,0.095249,0.010826,0.038800,-0.150196,0.023011,0.071584,0.120475,-0.025332,0.126425,0.020074,0.115532,0.035848,-0.021131,0.100559,0.041384,0.088800,-0.003134,-0.045401,-0.046336,-0.009911,0.006782,-0.055326,0.059735,0.058680,-0.135853,0.011033,0.070298,-0.043394,0.069490,0.038572,0.093436,-0.062557,0.045385,-0.034424,-0.095010,0.363300,0.117814,0.138792,-0.035911,-0.030765,0.002106,0.130575,0.100470,-0.137772,-0.034498,0.189234,0.036566,0.271879
0.343961,0.207977,0.298882,0.216112,0.184727,0.021466,0.108890,0.038761,0.275176,0.125629,0.166450,0.127613,0.209199,0.064101,0.080927,0.117943,0.125413,0.045454,0.041331,-0.061267,0.078234,0.001516,0.061412,-0.032444,0.044764,0.090302,-0.169406,-0.013410,0.097227,0.214421,-0.087188,0.192339,0.054927,0.057310,0.014318,-0.097099,-0.016058,0.084984,0.122785,-0.024829,-0.110776,-0.031227,0.034522,0.036075,-0.093973,0.240047,-0.026111,-0.135668,-0.016284,-0.080382,-0.080906,0.068234,-0.029176,0.067326,-0.035936,0.139863,0.068724,-0.052021,0.297526,0.162571,0.100616,-0.049245,-0.017768,0.045590,0.114432,0.103950,-0.099251,0.026827,0.131385,0.110443,0.267002
0.322092,0.182808,0.216112,0.212235,0.137666,-0.030687,0.087700,0.050352,0.190897,0.100967,0.111684,0.085227,0.168894,0.064996,0.081773,0.052688,0.102542,0.036991,0.047371,-0.039345,-0.000320,-0.050846,0.085341,0.021171,0.055011,0.105102,-0.112629,-0.015642,0.075664,0.113278,-0.037176,0.145999,0.063955,0.088349,0.055631,-0.020329,0.041335,0.088307,0.088955,-0.017519,-0.049133,-0.000985,-0.000486,0.009210,-0.048234,0.175395,0.014996,-0.077017,0.039253,-0.004459,-0.001582,0.030861,0.002703,0.007545,-0.015774,0.095413,-0.022987,-0.063368,0.231610,0.138875,0.112538,0.007041,0.013979,-0.012240,0.134621,0.111775,-0.071000,0.034474,0.113205,0.064009,0.139115
0.212407,0.180023,0.184727,0.137666,0.182070,0.035648,0.078383,0.091320,0.171205,0.105299,0.094104,0.051540,0.119530,0.061643,0.095419,0.066381,0.130978,0.095840,0.049147,-0.107762,0.129607,-0.003591,0.075515,0.005008,-0.013286,0.032967,-0.087558,0.002643,0.074874,0.165333,-0.031722,0.128942,0.030020,0.044670,-0.005336,-0.048223,0.039118,0.024160,0.078796,-0.001154,-0.098977,-0.055110,-0.019199,0.029406,-0.066792,0.115851,-0.033481,-0.105745,0.039723,-0.031723,-0.064281,0.050870,-0.014222,0.088490,0.006991,0.074196,0.004816,-0.045125,0.256161,0.120923,0.069850,-0.033124,-0.044485,0.094982,0.084591,0.061475,-0.076242,-0.040058,0.132381,0.101343,0.237058
-0.010082,-0.035996,0.021466,-0.030687,0.035648,0.337625,-0.079359,-0.012930,0.061993,-0.014542,0.048167,0.013306,-0.013155,0.004967,0.079652,0.157975,0.123786,-0.140459,0.068692,0.076859,0.239028,0.118983,0.051834,-0.111503,-0.100334,-0.082321,0.058165,-0.038767,-0.035768,-0.013142,-0.076223,-0.011727,0.019153,-0.073879,-0.025180,-0.106846,-0.037910,-0.070579,0.015921,0.057887,-0.040864,-0.041734,-0.064818,0.009795,0.012635,0.060870,-0.169102,-0.019329,0.102806,-0.157816,-0.046247,0.091984,-0.070321,0.081826,0.102561,0.064188,0.152136,0.145622,-0.047559,0.016480,-0.018151,-0.044868,-0.036441,0.177420,-0.067038,-0.038997,0.090212,-0.084067,0.017081,0.115867,0.024643
0.094750,0.108331,0.108890,0.087700,0.078383,-0.079359,0.093467,0.058389,0.078922,0.068008,0.049514,0.058567,0.092218,0.019931,-0.000331,-0.026786,0.020508,0.053983,0.032626,-0.054322,-0.013536,-0.002802,0.029991,0.037786,0.073481,0.107629,-0.039055,0.025767,0.054913,0.084935,0.008637,0.080184,-0.002056,0.020603,0.013057,0.003543,0.008063,0.068820,0.031865,-0.041990,-0.033384,0.019463,0.057853,0.003795,-0.023908,0.072527,0.042458,-0.032495,-0.016042,0.034413,-0.059868,-0.001546,0.007200,0.001229,-0.078849,0.036516,-0.030682,-0.084645,0.135926,0.050530,0.069132,-0.034988,0.028579,-0.006290,0.078192,0.060883,-0.041871,0.058286,0.009009,0.039347,0.120409
0.042338,0.128812,0.038761,0.050352,0.091320,-0.012930,0.058389,0.142265,0.018581,0.058768,0.014746,-0.013597,0.014201,0.041104,0.027297,-0.004551,0.077174,0.097752,0.034728,-0.093361,0.080577,-0.044928,0.078617,0.085643,0.010602,0.075880,0.048087,0.033206,0.039301,-0.008285,0.079286,0.043123,-0.018447,0.005900,0.007312,0.022812,0.069387,0.012386,0.014235,-0.006727,-0.006989,-0.020433,-0.040831,-0.006445,0.019345,-0.044473,0.002457,-0.060403,0.052964,0.069822,-0.048659,0.000636,0.011722,0.035001,-0.031812,-0.002651,-0.061596,-0.045333,0.145301,0.036150,0.089664,-0.010521,-0.006239,0.077504,0.054078,0.051268,-0.039608,-0.028663,0.029142,0.060846,0.108664
0.258177,0.143843,0.275176,0.190897,0.171205,0.061993,0.078922,0.018581,0.293085,0.123485,0.177434,0.130117,0.210096,0.070601,0.072935,0.154326,0.120898,0.063888,0.055594,-0.019860,0.098301,0.016667,0.094462,-0.079532,0.032743,0.087000,-0.123598,-0.026497,0.103700,0.210863,-0.076217,0.195486,0.064442,0.022516,-0.006408,-0.113946,-0.047770,0.073930,0.118542,-0.021267,-0.129783,-0.037779,0.007403,0.048136,-0.094328,0.264994,-0.082990,-0.118193,0.010125,-0.142281,-0.084476,0.055560,-0.059091,0.059027,0.018188,0.156732,0.089862,-0.012160,0.218287,0.166482,0.047029,-0.021568,-0.024441,0.104487,0.086959,0.082819,-0.070220,0.020379,0.096472,0.144805,0.210720
0.094945,0.094767,0.125629,0.100967,0.105299,-0.014542,0.068008,0.058768,0.123485,0.099342,0.079755,0.055046,0.103383,0.073940,0.039410,0.043635,0.047042,0.088928,0.044037,-0.042122,0.016198,0.006798,0.085555,-0.002215,0.021253,0.095059,-0.021038,0.002058,0.055647,0.092295,0.007610,0.098111,0.005883,-0.044667,0.017528,-0.018992,-0.031473,0.047873,0.035087,-0.020123,-0.052492,-0.018307,0.002168,0.017328,-0.010667,0.100434,-0.061522,-0.091600,0.029981,-0.032393,-0.054446,-0.006896,-0.016822,0.005580,-0.016370,0.047859,0.003906,-0.030568,0.114862,0.094632,0.092000,-0.020002,-0.000853,0.074226,0.053553,0.062263,-0.011755,0.025303,0.025263,0.097735,0.124107
0.139126,0.080678,0.166450,0.111684,0.094104,0.048167,0.049514,0.014746,0.177434,0.079755,0.115417,0.086175,0.127136,0.050894,0.036653,0.102630,0.065492,0.027953,0.040693,0.004213,0.052323,0.018994,0.067017,-0.048652,0.026356,0.073760,-0.057943,-0.013047,0.059383,0.107652,-0.039103,0.117241,0.026845,-0.022577,0.004366,-0.073603,-0.053841,0.050581,0.063954,-0.016775,-0.067206,-0.017798,0.009724,0.025747,-0.037476,0.160176,-0.071317,-0.086808,0.008353,-0.092849,-0.066548,0.029743,-0.038792,0.025037,-0.003560,0.093098,0.071035,0.001857,0.111508,0.100880,0.051285,-0.021622,-0.003780,0.076422,0.044456,0.056058,-0.024340,0.027615,0.033913,0.102104,0.120566
0.083570,0.038392,0.127613,0.085227,0.051540,0.013306,0.058567,-0.013597,0.130117,0.055046,0.086175,0.101720,0.122659,0.012143,0.009840,0.027580,0.016641,-0.032194,0.065334,0.040497,-0.003626,0.051409,0.038841,-0.041919,0.070583,0.089934,-0.046103,0.000935,0.047883,0.096634,-0.051004,0.088156,0.017303,-0.014743,0.014903,-0.044227,-0.058203,0.071583,0.036350,-0.037574,-0.047496,0.031474,0.071275,0.012230,-0.028582,0.161858,-0.018907,-0.010231,0.004660,-0.063486,-0.067684,0.020884,-0.023326,-0.009569,-0.040816,0.077224,0.046411,-0.030615,0.044129,0.064038,0.024477,-0.032494,0.044081,0.018468,0.055091,0.043310,0.011107,0.084657,-0.016239,0.068087,0.062665
0.189287,0.107867,0.209199,0.168894,0.119530,-0.013155,0.092218,0.014201,0.210096,0.103383,0.127136,0.122659,0.191005,0.046099,0.032212,0.058560,0.063678,0.035020,0.066143,0.002383,0.005840,0.022107,0.083073,-0.041865,0.086785,0.140408,-0.070800,-0.013382,0.085651,0.155146,-0.042900,0.152953,0.055219,0.030969,0.017860,-0.046992,-0.027416,0.103582,0.079852,-0.042988,-0.085549,0.021125,0.049423,0.023138,-0.060707,0.229858,-0.017203,-0.036867,0.015149,-0.069562,-0.055161,0.015130,-0.036369,-0.007190,-0.022731,0.124266,0.018898,-0.053708,0.145820,0.120599,0.056672,-0.016775,0.031789,0.029182,0.105297,0.086635,-0.030650,0.078552,0.025962,0.102795,0.122284
0.065288,0.051678,0.064101,0.064996,0.061643,0.004967,0.019931,0.041104,0.070601,0.073940,0.050894,0.012143,0.046099,0.087495,0.049610,0.055555,0.029230,0.076565,0.019924,-0.021539,-0.008234,-0.014609,0.081066,0.000336,-0.027393,0.044371,-0.001773,-0.010653,0.021153,0.022061,0.017742,0.052039,-0.003056,-0.077510,0.032639,-0.005781,-0.040542,0.010788,0.009211,0.006542,-0.013260,-0.036178,-0.043630,0.010011,0.024714,0.037998,-0.096029,-0.109108,0.046073,-0.030940,-0.009669,-0.018089,-0.006606,-0.008012,0.019006,0.007363,0.009109,0.014360,0.047609,0.078333,0.097844,0.005530,-0.016677,0.071360,0.012796,0.043302,0.013116,-0.006590,0.029342,0.073236,0.057017
0.216932,0.103484,0.080927,0.081773,0.095419,0.079652,-0.000331,0.027297,0.072935,0.039410,0.036653,0.009840,0.032212,0.049610,0.166109,0.014881,0.085770,-0.040710,0.077725,-0.029515,0.063188,-0.012320,0.040547,0.022314,-0.088811,-0.115977,-0.131853,0.000770,0.010376,0.071797,-0.095326,0.037774,0.004478,0.016913,0.058861,-0.018670,0.022313,-0.037492,0.015129,0.040773,-0.017107,-0.059858,-0.036806,0.007572,-0.011078,0.036992,-0.050071,-0.090607,0.107699,-0.016158,0.000413,0.079605,0.048299,0.077352,0.043230,-0.019704,0.014308,-0.003722,0.119278,0.097830,0.045471,-0.000348,-0.031875,0.035723,0.048515,0.011578,-0.005767,-0.052528,0.183715,0.018824,0.103753
0.076129,0.026252,0.117943,0.052688,0.066381,0.157975,-0.026786,-0.004551,0.154326,0.043635,0.102630,0.027580,0.058560,0.055555,0.014881,0.213375,0.098380,0.045042,-0.035699,0.007484,0.140087,0.015085,0.056009,-0.103169,-0.050076,0.016540,0.004457,-0.053210,0.021865,0.045507,-0.014645,0.077545,0.044767,-0.043512,-0.044102,-0.114383,-0.053420,-0.012278,0.075233,0.027519,-0.070117,-0.065088,-0.082517,0.034547,-0.033207,0.105833,-0.144480,-0.111299,-0.014149,-0.152843,-0.027187,0.028292,-0.088544,0.049725,0.079356,0.107346,0.130228,0.107951,0.069163,0.067636,0.024404,-0.006445,-0.070481,0.139781,-0.041323,0.022573,-0.027307,-0.069839,0.024082,0.115627,0.090560
0.192455,0.140789,0.125413,0.102542,0.130978,0.123786,0.020508,0.077174,0.120898,0.047042,0.065492,0.016641,0.063678,0.029230,0.085770,0.098380,0.157832,0.019497,0.032323,-0.062048,0.176903,-0.015842,0.065882,-0.001363,-0.033062,-0.000846,-0.033547,-0.016102,0.038661,0.065336,-0.022147,0.079018,0.049473,0.079902,-0.009956,-0.052760,0.080894,-0.005042,0.075815,0.026394,-0.061908,-0.046584,-0.067188,0.012913,-0.046018,0.070344,-0.028695,-0.056269,0.061116,-0.031546,-0.019298,0.068670,-0.025668,0.087959,0.048172,0.077942,0.017155,0.012262,0.199858,0.076466,0.039905,-0.009631,-0.045558,0.089516,0.056351,0.043061,-0.060524,-0.079054,0.117394,0.078011,0.146892
-0.045280,0.070984,0.045454,0.036991,0.095840,-0.140459,0.053983,0.097752,0.063888,0.088928,0.027953,-0.032194,0.035020,0.076565,-0.040710,0.045042,0.019497,0.299990,-0.070678,-0.144940,0.015048,-0.083985,0.066852,0.021741,-0.001547,0.087861,0.041107,0.003085,0.072368,0.079501,0.126483,0.082226,0.006231,-0.007548,-0.061458,0.012810,0.023199,0.012430,0.040746,-0.017818,-0.072868,-0.064550,-0.074701,0.036616,-0.040886,-0.019463,-0.028971,-0.096709,-0.047870,0.009951,-0.016499,-0.079617,-0.034176,0.013292,0.027054,0.020167,-0.069577,-0.035913,0.133570,0.051271,0.024583,0.036691,-0.074673,0.093213,0.010388,0.036367,-0.103328,-0.056181,0.007581,0.065297,0.118674
0.020031,0.022646,0.041331,0.047371,0.049147,0.068692,0.032626,0.034728,0.055594,0.044037,0.040693,0.065334,0.066143,0.019924,0.077725,-0.035699,0.032323,-0.070678,0.150465,0.056196,0.028123,0.058628,0.090442,0.005288,0.025970,0.038238,0.009655,0.024247,0.028388,0.031209,-0.037103,0.038513,-0.012279,-0.048493,0.051371,0.003090,-0.025754,0.030246,-0.018526,-0.015924,-0.010939,0.029124,0.037300,-0.006262,0.027218,0.086522,-0.046805,0.016901,0.131700,-0.024994,-0.065724,0.033771,0.015047,-0.001074,-0.009963,0.010357,-0.002653,-0.027374,-0.021478,0.058460,0.023218,-0.014158,0.062675,0.066265,0.059742,0.019130,0.080380,0.063968,0.001171,0.074617,0.001702
-0.114967,-0.149183,-0.061267,-0.039345,-0.107762,0.076859,-0.054322,-0.093361,-0.019860,-0.042122,0.004213,0.040497,0.002383,-0.021539,-0.029515,0.007484,-0.062048,-0.144940,0.056196,0.174890,-0.072842,0.063116,0.023495,-0.069034,0.037684,0.031592,0.075188,-0.021593,-0.032786,-0.090497,-0.025100,-0.039556,0.006626,-0.077010,0.032838,-0.004956,-0.087854,0.022563,-0.041807,-0.008159,0.045449,0.066436,0.029569,-0.016165,0.054719,0.062967,-0.056064,0.088162,0.050704,-0.073797,0.015451,-0.014233,-0.023050,-0.086947,0.023685,0.014337,0.051605,0.063178,-0.235135,-0.027371,-0.042538,0.024216,0.076008,-0.008569,-0.033677,-0.020731,0.125784,0.085881,-0.122161,0.011412,-0.202739
0.039402,0.087381,0.078234,-0.000320,0.129607,0.239028,-0.013536,0.080577,0.098301,0.016198,0.052323,-0.003626,0.005840,-0.008234,0.063188,0.140087,0.176903,0.015048,0.028123,-0.072842,0.321952,0.052338,0.036393,-0.051620,-0.082055,-0.069707,0.015934,-0.006043,0.026052,0.083220,-0.027256,0.047083,0.022629,0.036622,-0.086405,-0.108163,0.058399,-0.066548,0.068080,0.040094,-0.103040,-0.079299,-0.073595,0.030165,-0.063884,0.027576,-0.077544,-0.045407,0.041818,-0.093116,-0.088969,0.099746,-0.064823,0.160284,0.072266,0.081220,0.088863,0.063419,0.161433,0.027991,-0.044132,-0.051029,-0.088605,0.193279,-0.018217,-0.022334,-0.050005,-0.138268,0.088490,0.111463,0.189731
-0.124197,-0.078592,0.001516,-0.050846,-0.003591,0.118983,-0.002802,-0.044928,0.016667,0.006798,0.018994,0.051409,0.022107,-0.014609,-0.012320,0.015085,-0.015842,-0.083985,0.058628,0.063116,0.052338,0.150710,0.001588,-0.090102,0.005172,0.018308,0.051001,-0.004461,-0.017940,0.049634,-0.052398,-0.011771,-0.016207,-0.104860,-0.022975,-0.041650,-0.093041,0.002077,-0.022642,-0.012094,-0.039936,0.026228,0.069524,0.007469,0.007428,0.077152,-0.078581,0.038428,0.013652,-0.093462,-0.071822,0.012474,-0.046869,-0.002996,-0.008172,0.032129,0.083149,0.035833,-0.103908,-0.017295,-0.018052,-0.073431,0.027144,0.069737,-0.042383,-0.032665,0.103150,0.044532,-0.088747,0.070750,0.010442
0.009367,0.040760,0.061412,0.085341,0.075515,0.051834,0.029991,0.078617,0.094462,0.085555,0.067017,0.038841,0.083073,0.081066,0.040547,0.056009,0.065882,0.066852,0.090442,0.023495,0.036393,0.001588,0.161441,-0.004876,0.025217,0.131796,0.096181,-0.008560,0.047187,-0.006205,0.059536,0.075264,0.020392,-0.065371,0.031544,0.005103,-0.012162,0.045125,0.013194,-0.010122,-0.024215,0.004041,-0.054204,0.002423,0.037098,0.087789,-0.103935,-0.036189,0.123937,-0.042763,-0.028057,-0.025661,-0.033886,-0.033481,0.040376,0.052210,-0.023827,0.011912,0.010542,0.084917,0.077937,0.028193,0.027787,0.127238,0.049807,0.061724,0.051464,0.024148,-0.033332,0.133162,-0.003789
0.072387,0.095249,-0.032444,0.021171,0.005008,-0.111503,0.037786,0.085643,-0.079532,-0.002215,-0.048652,-0.041919,-0.041865,0.000336,0.022314,-0.103169,-0.001363,0.021741,0.005288,-0.069034,-0.051620,-0.090102,-0.004876,0.137063,0.015884,0.004706,-0.021104,0.044594,0.001026,-0.065862,0.049310,-0.022194,-0.034492,0.054745,0.050267,0.075006,0.088062,0.004508,-0.023341,-0.004067,0.066608,0.007105,-0.004342,-0.029275,0.036358,-0.117822,0.098724,-0.017057,0.020818,0.151724,0.017470,-0.002472,0.078437,0.000538,-0.068023,-0.077045,-0.103515,-0.078989,0.088561,-0.009428,0.068910,0.013026,0.020815,-0.071794,0.056565,0.030836,-0.044789,0.000120,0.053315,-0.065727,0.016191
-0.019312,0.010826,0.044764,0.055011,-0.013286,-0.100334,0.073481,0.010602,0.032743,0.021253,0.026356,0.070583,0.086785,-0.027393,-0.088811,-0.050076,-0.033062,-0.001547,0.025970,0.037684,-0.082055,0.005172,0.025217,0.015884,0.152552,0.186579,0.054386,0.014445,0.041907,-0.000348,0.048101,0.048536,0.019658,0.038503,0.007534,0.027852,0.005147,0.109623,0.016293,-0.066579,0.001600,0.093277,0.082995,-0.014239,-0.003520,0.088171,0.086082,0.086659,-0.030819,0.037970,-0.027178,-0.042415,-0.017216,-0.081092,-0.083764,0.061159,-0.051375,-0.073866,-0.003490,-0.009099,0.017259,-0.003333,0.089605,-0.059898,0.071288,0.057273,-0.000234,0.123910,-0.118448,0.016040,-0.042311
-0.054405,0.038800,0.090302,0.105102,0.032967,-0.082321,0.107629,0.075880,0.087000,0.095059,0.073760,0.089934,0.140408,0.044371,-0.115977,0.016540,-0.000846,0.087861,0.038238,0.031592,-0.069707,0.018308,0.131796,0.004706,0.186579,0.345675,0.172227,-0.000486,0.064889,-0.024173,0.133108,0.097634,0.028285,-0.046835,0.012651,0.031248,-0.023309,0.155910,0.028632,-0.082425,-0.013427,0.100532,0.046755,-0.014363,0.037098,0.134418,-0.000585,0.036490,0.001826,0.012796,-0.049662,-0.096857,-0.068367,-0.130287,-0.082689,0.110580,-0.058098,-0.053377,0.009033,0.030297,0.126403,-0.009822,0.103282,0.034152,0.080921,0.117828,0.035577,0.144887,-0.202108,0.128346,-0.022428
-0.362924,-0.150196,-0.169406,-0.112629,-0.087558,0.058165,-0.039055,0.048087,-0.123598,-0.021038,-0.057943,-0.046103,-0.070800,-0.001773,-0.131853,0.004457,-0.033547,0.041107,0.009655,0.075188,0.015934,0.051001,0.096181,-0.021104,0.054386,0.172227,0.330504,-0.009753,-0.031838,-0.190184,0.178353,-0.075530,-0.008223,-0.114573,-0.037799,0.058644,-0.005678,0.013135,-0.062258,-0.016291,0.040755,0.067104,-0.052690,-0.027373,0.101545,-0.078173,-0.068030,0.121265,0.059095,0.002132,0.007659,-0.108854,-0.077090,-0.111947,0.034832,0.007784,-0.051962,0.069473,-0.237072,-0.098332,-0.000261,0.025300,0.054668,0.106398,-0.066329,-0.010413,0.129830,0.024517,-0.260715,0.082245,-0.207338
-0.022876,0.023011,-0.013410,-0.015642,0.002643,-0.038767,0.025767,0.033206,-0.026497,0.002058,-0.013047,0.000935,-0.013382,-0.010653,0.000770,-0.053210,-0.016102,0.003085,0.024247,-0.021593,-0.006043,-0.004461,-0.008560,0.044594,0.014445,-0.000486,-0.009753,0.034419,0.008462,0.000503,0.009034,-0.005476,-0.035439,-0.009854,0.007308,0.015552,0.003327,0.001368,-0.018929,-0.013984,0.012817,0.005371,0.030579,-0.005617,0.010708,-0.038867,0.029810,-0.005311,0.001466,0.043230,-0.040246,0.006649,0.029111,0.013393,-0.048442,-0.034017,-0.019140,-0.040256,0.016675,-0.008915,0.005672,-0.016481,0.015657,-0.003840,0.013435,-0.002529,-0.006212,0.018779,0.001156,-0.012258,0.026914
0.071079,0.071584,0.097227,0.075664,0.074874,-0.035768,0.054913,0.039301,0.103700,0.055647,0.059383,0.047883,0.085651,0.021153,0.010376,0.021865,0.038661,0.072368,0.028388,-0.032786,0.026052,-0.017940,0.047187,0.001026,0.041907,0.064889,-0.031838,0.008462,0.061776,0.086316,0.006315,0.086186,0.018823,0.030872,-0.009531,-0.020780,0.007189,0.043550,0.043970,-0.025232,-0.053072,-0.004987,0.009995,0.017892,-0.041947,0.085580,0.005146,-0.027299,0.003057,-0.018386,-0.044782,0.005172,-0.013342,0.018291,-0.011146,0.053327,-0.010721,-0.043485,0.103891,0.060352,0.005754,0.003652,0.000503,0.036727,0.057000,0.039039,-0.049075,0.020396,0.025481,0.051467,0.083868
0.190323,0.120475,0.214421,0.113278,0.165333,-0.013142,0.084935,-0.008285,0.210863,0.092295,0.107652,0.096634,0.155146,0.022061,0.071797,0.045507,0.065336,0.079501,0.031209,-0.090497,0.083220,0.049634,-0.006205,-0.065862,-0.000348,-0.024173,-0.190184,0.000503,0.086316,0.292530,-0.117114,0.144369,0.032951,0.055248,-0.041763,-0.085991,-0.028886,0.030579,0.088045,-0.022395,-0.151887,-0.050891,0.067010,0.056903,-0.136672,0.194227,-0.007459,-0.075925,-0.045430,-0.094539,-0.089299,0.060974,-0.021783,0.101055,-0.005575,0.091039,0.055406,-0.067595,0.224756,0.115600,-0.029783,-0.056016,-0.052183,0.044861,0.066718,0.019328,-0.092895,-0.001112,0.136796,0.065698,0.264736
-0.172591,-0.025332,-0.087188,-0.037176,-0.031722,-0.076223,0.008637,0.079286,-0.076217,0.007610,-0.039103,-0.051004,-0.042900,0.017742,-0.095326,-0.014645,-0.022147,0.126483,-0.037103,-0.025100,-0.027256,-0.052398,0.059536,0.049310,0.048101,0.133108,0.178353,0.009034,0.006315,-0.117114,0.162124,-0.021834,-0.010464,-0.029927,-0.021744,0.062210,0.038015,0.021119,-0.022842,-0.019399,0.033548,0.023746,-0.053999,-0.015693,0.053394,-0.094291,0.007161,0.028904,0.000311,0.066614,0.016209,-0.090866,-0.023961,-0.066541,-0.005540,-0.013118,-0.087208,-0.002691,-0.052670,-0.046745,0.032049,0.039128,0.015632,0.036980,-0.012264,0.023349,0.004606,0.001641,-0.126316,0.025315,-0.083796
0.179088,0.126425,0.192339,0.145999,0.128942,-0.011727,0.080184,0.043123,0.195486,0.098111,0.117241,0.088156,0.152953,0.052039,0.037774,0.077545,0.079018,0.082226,0.038513,-0.039556,0.047083,-0.011771,0.075264,-0.022194,0.048536,0.097634,-0.075530,-0.005476,0.086186,0.144369,-0.021834,0.145502,0.040227,0.031312,-0.000754,-0.055508,-0.010926,0.069232,0.082051,-0.028165,-0.085619,-0.016867,0.010956,0.029330,-0.063439,0.169522,-0.026215,-0.078649,0.003402,-0.059338,-0.061825,0.022047,-0.030539,0.030443,-0.010829,0.102234,0.022439,-0.042183,0.180898,0.116160,0.049014,-0.009880,-0.006685,0.059425,0.083977,0.074060,-0.066696,0.027229,0.059619,0.096284,0.156016
0.089894,0.020074,0.054927,0.063955,0.030020,0.019153,-0.002056,-0.018447,0.064442,0.005883,0.026845,0.017303,0.055219,-0.003056,0.004478,0.044767,0.049473,0.006231,-0.012279,0.006626,0.022629,-0.016207,0.020392,-0.034492,0.019658,0.028285,-0.008223,-0.035439,0.018823,0.032951,-0.010464,0.040227,0.067647,0.089433,-0.011372,-0.011735,0.048633,0.025585,0.049785,0.003953,-0.034574,0.008819,-0.026681,0.006856,-0.044680,0.082702,0.020763,0.040191,0.005570,-0.027557,0.048427,0.003651,-0.030911,-0.006862,0.051010,0.070009,-0.015301,0.006718,0.049184,0.025548,-0.023156,0.030394,-0.007334,-0.016634,0.036039,0.023462,-0.030808,-0.013030,0.023617,0.011559,-0.008582
0.232701,0.115532,0.057310,0.088349,0.044670,-0.073879,0.020603,0.005900,0.022516,-0.044667,-0.022577,-0.014743,0.030969,-0.077510,0.016913,-0.043512,0.079902,-0.007548,-0.048493,-0.077010,0.036622,-0.104860,-0.065371,0.054745,0.038503,-0.046835,-0.114573,-0.009854,0.030872,0.055248,-0.029927,0.031312,0.089433,0.296011,-0.020123,0.020880,0.198744,0.019156,0.081590,0.005999,-0.024498,0.013260,-0.012428,-0.004191,-0.109510,0.018795,0.208229,0.102156,-0.038481,0.095551,0.090573,0.049964,0.029076,0.050312,0.017745,0.049502,-0.102320,-0.081060,0.203746,-0.005262,-0.083032,0.048446,-0.020568,-0.146553,0.103866,0.021396,-0.155057,-0.051206,0.139976,-0.108557,0.039552
0.105872,0.035848,0.014318,0.055631,-0.005336,-0.025180,0.013057,0.007312,-0.006408,0.017528,0.004366,0.014903,0.017860,0.032639,0.058861,-0.044102,-0.009956,-0.061458,0.051371,0.032838,-0.086405,-0.022975,0.031544,0.050267,0.007534,0.012651,-0.037799,0.007308,-0.009531,-0.041763,-0.021744,-0.000754,-0.011372,-0.020123,0.084913,0.038415,-0.006338,0.022880,-0.023529,0.001585,0.055239,0.019832,0.010499,-0.022275,0.049675,0.006469,0.000269,-0.027564,0.064316,0.044127,0.025330,0.004902,0.050393,-0.038299,-0.027898,-0.036391,-0.028038,-0.023516,-0.004741,0.037803,0.084776,0.010826,0.045097,-0.049776,0.044425,0.036060,0.038954,0.045991,0.033443,-0.015667,-0.035172
-0.059031,-0.021131,-0.097099,-0.020329,-0.048223,-0.106846,0.003543,0.022812,-0.113946,-0.018992,-0.073603,-0.044227,-0.046992,-0.005781,-0.018670,-0.114383,-0.052760,0.012810,0.003090,-0.004956,-0.108163,-0.041650,0.005103,0.075006,0.027852,0.031248,0.058644,0.015552,-0.020780,-0.085991,0.062210,-0.055508,-0.011735,0.020880,0.038415,0.098967,0.055195,0.011687,-0.049352,-0.008096,0.063294,0.041144,-0.000512,-0.029570,0.048053,-0.088444,0.070362,0.066424,0.032848,0.110909,0.063280,-0.053655,0.044808,-0.067390,-0.018640,-0.066576,-0.116625,-0.046803,-0.061210,-0.040179,0.021450,0.036282,0.041765,-0.078717,0.024293,0.005750,0.027625,0.028078,-0.037541,-0.060013,-0.106521
0.119927,0.100559,-0.016058,0.041335,0.039118,-0.037910,0.008063,0.069387,-0.047770,-0.031473,-0.053841,-0.058203,-0.027416,-0.040542,0.022313,-0.053420,0.080894,0.023199,-0.025754,-0.087854,0.058399,-0.093041,-0.012162,0.088062,0.005147,-0.023309,-0.005678,0.003327,0.007189,-0.028886,0.038015,-0.010926,0.048633,0.198744,-0.006338,0.055195,0.191388,-0.008622,0.034302,0.018447,0.009800,0.002666,-0.055328,-0.018686,-0.036870,-0.071227,0.142176,0.073230,0.022926,0.122945,0.078145,0.020619,0.031763,0.035619,0.022252,-0.000613,-0.124253,-0.054489,0.147235,-0.021912,-0.020256,0.041465,-0.018305,-0.071441,0.071815,0.018417,-0.093334,-0.072597,0.092197,-0.067962,0.014214
0.056056,0.041384,0.084984,0.088307,0.024160,-0.070579,0.068820,0.012386,0.073930,0.047873,0.050581,0.071583,0.103582,0.010788,-0.037492,-0.012278,-0.005042,0.012430,0.030246,0.022563,-0.066548,0.002077,0.045125,0.004508,0.109623,0.155910,0.013135,0.001368,0.043550,0.030579,0.021119,0.069232,0.025585,0.019156,0.022880,0.011687,-0.008622,0.095453,0.027790,-0.048335,-0.012218,0.059464,0.055563,-0.005244,-0.006635,0.110708,0.037092,0.025578,-0.008555,0.009950,-0.019679,-0.028518,-0.015509,-0.061197,-0.056435,0.063274,-0.029956,-0.055928,0.037523,0.034746,0.051812,-0.003876,0.063011,-0.033122,0.072074,0.066474,-0.002134,0.096537,-0.060387,0.037932,0.004026
0.150829,0.088800,0.122785,0.088955,0.078796,0.015921,0.031865,0.014235,0.118542,0.035087,0.063954,0.036350,0.079852,0.009211,0.015129,0.075233,0.075815,0.040746,-0.018526,-0.041807,0.068080,-0.022642,0.013194,-0.023341,0.016293,0.028632,-0.062258,-0.018929,0.043970,0.088045,-0.022842,0.082051,0.049785,0.081590,-0.023529,-0.049352,0.034302,0.027790,0.075405,-0.002764,-0.060572,-0.020412,-0.013796,0.019755,-0.066775,0.094918,0.013734,-0.033488,-0.029144,-0.035689,-0.009315,0.030060,-0.029726,0.041879,0.013441,0.082379,0.020949,-0.010502,0.150894,0.054202,0.005281,-0.002678,-0.030320,0.014460,0.044478,0.038613,-0.079626,-0.023576,0.064520,0.034531,0.108121
0.028582,-0.003134,-0.024829,-0.017519,-0.001154,0.057887,-0.041990,-0.006727,-0.021267,-0.020123,-0.016775,-0.037574,-0.042988,0.006542,0.040773,0.027519,0.026394,-0.017818,-0.015924,-0.008159,0.040094,-0.012094,-0.010122,-0.004067,-0.066579,-0.082425,-0.016291,-0.013984,-0.025232,-0.022395,-0.019399,-0.028165,0.003953,0.005999,0.001585,-0.008096,0.018447,-0.048335,-0.002764,0.035686,0.009042,-0.035444,-0.049491,0.000506,0.004217,-0.041722,-0.027558,-0.023340,0.021565,-0.009413,0.033147,0.022023,0.006864,0.030733,0.047249,-0.021201,0.015598,0.040412,0.001585,-0.001141,-0.006525,0.010964,-0.036923,0.013375,-0.026871,-0.021249,-0.000750,-0.061769,0.055778,-0.015436,-0.002786
-0.045818,-0.045401,-0.110776,-0.049133,-0.098977,-0.040864,-0.033384,-0.006989,-0.129783,-0.052492,-0.067206,-0.047496,-0.085549,-0.013260,-0.017107,-0.070117,-0.061908,-0.072868,-0.010939,0.045449,-0.103040,-0.039936,-0.024215,0.066608,0.001600,-0.013427,0.040755,0.012817,-0.053072,-0.151887,0.033548,-0.085619,-0.034574,-0.024498,0.055239,0.063294,0.009800,-0.012218,-0.060572,0.009042,0.106479,0.032397,-0.005416,-0.037929,0.080528,-0.117602,0.035708,0.025406,0.017280,0.086319,0.054278,-0.023702,0.050676,-0.058540,-0.032399,-0.082948,-0.040418,0.005671,-0.107347,-0.056339,0.038137,0.023639,0.041793,-0.081145,-0.019215,-0.006343,0.045763,0.023558,-0.039451,-0.076089,-0.134541
-0.063104,-0.046336,-0.031227,-0.000985,-0.055110,-0.041734,0.019463,-0.020433,-0.037779,-0.018307,-0.017798,0.031474,0.021125,-0.036178,-0.059858,-0.065088,-0.046584,-0.064550,0.029124,0.066436,-0.079299,0.026228,0.004041,0.007105,0.093277,0.100532,0.067104,0.005371,-0.004987,-0.050891,0.023746,-0.016867,0.008819,0.013260,0.019832,0.041144,0.002666,0.059464,-0.020412,-0.035444,0.032397,0.083568,0.060587,-0.023800,0.025319,0.030581,0.060033,0.105963,0.004126,0.035486,0.010196,-0.032319,-0.002621,-0.079020,-0.045539,0.015013,-0.041974,-0.032100,-0.087405,-0.039181,-0.002089,0.001665,0.080286,-0.065487,0.029409,0.016738,0.049683,0.091249,-0.106820,-0.014470,-0.105662
-0.013684,-0.009911,0.034522,-0.000486,-0.019199,-0.064818,0.057853,-0.040831,0.007403,0.002168,0.009724,0.071275,0.049423,-0.043630,-0.036806,-0.082517,-0.067188,-0.074701,0.037300,0.029569,-0.073595,0.069524,-0.054204,-0.004342,0.082995,0.046755,-0.052690,0.030579,0.009995,0.067010,-0.053999,0.010956,-0.026681,-0.012428,0.010499,-0.000512,-0.055328,0.055563,-0.013796,-0.049491,-0.005416,0.060587,0.138063,-0.004436,-0.014388,0.064797,0.065172,0.047038,-0.053663,0.012649,-0.064005,0.007274,0.016785,-0.023958,-0.105487,0.005000,0.016108,-0.070487,-0.018735,-0.017232,-0.006056,-0.061118,0.064979,-0.073093,0.028563,0.002003,0.021971,0.110495,-0.053502,-0.021268,0.027436
0.010659,0.006782,0.036075,0.009210,0.029406,0.009795,0.003795,-0.006445,0.048136,0.017328,0.025747,0.012230,0.023138,0.010011,0.007572,0.034547,0.012913,0.036616,-0.006262,-0.016165,0.030165,0.007469,0.002423,-0.029275,-0.014239,-0.014363,-0.027373,-0.005617,0.017892,0.056903,-0.015693,0.029330,0.006856,-0.004191,-0.022275,-0.029570,-0.018686,-0.005244,0.019755,0.000506,-0.037929,-0.023800,-0.004436,0.018373,-0.029778,0.034842,-0.025802,-0.027213,-0.015228,-0.041703,-0.019534,0.007608,-0.016667,0.025527,0.017940,0.021741,0.026689,0.006677,0.029917,0.022994,-0.020759,-0.003597,-0.025906,0.033514,-0.006135,-0.004937,-0.021031,-0.015766,0.021918,0.022904,0.048111
-0.108533,-0.055326,-0.093973,-0.048234,-0.066792,0.012635,-0.023908,0.019345,-0.094328,-0.010667,-0.037476,-0.028582,-0.060707,0.024714,-0.011078,-0.033207,-0.046018,-0.040886,0.027218,0.054719,-0.063884,0.007428,0.037098,0.036358,-0.003520,0.037098,0.101545,0.010708,-0.041947,-0.136672,0.053394,-0.063439,-0.044680,-0.109510,0.049675,0.048053,-0.036870,-0.006635,-0.066775,0.004217,0.080528,0.025319,-0.014388,-0.029778,0.101073,-0.082340,-0.048974,-0.004201,0.056764,0.036699,0.010519,-0.037555,0.019199,-0.063782,-0.019482,-0.063294,-0.015341,0.029188,-0.132557,-0.030912,0.070659,0.005046,0.044193,0.012042,-0.031867,0.001751,0.093551,0.031507,-0.082600,0.005525,-0.111414
0.187370,0.059735,0.240047,0.175395,0.115851,0.060870,0.072527,-0.044473,0.264994,0.100434,0.160176,0.161858,0.229858,0.037998,0.036992,0.105833,0.070344,-0.019463,0.086522,0.062967,0.027576,0.077152,0.087789,-0.117822,0.088171,0.134418,-0.078173,-0.038867,0.085580,0.194227,-0.094291,0.169522,0.082702,0.018795,0.006469,-0.088444,-0.071227,0.110708,0.094918,-0.041722,-0.117602,0.030581,0.064797,0.034842,-0.082340,0.321124,-0.059955,-0.009711,0.022341,-0.154245,-0.060376,0.031525,-0.071816,-0.010957,0.012923,0.173692,0.076379,-0.016481,0.095018,0.133945,0.015612,-0.022085,0.037311,0.050360,0.092532,0.074288,0.003292,0.094910,0.008202,0.133371,0.099749
0.085970,0.058680,-0.026111,0.014996,-0.033481,-0.169102,0.042458,0.002457,-0.082990,-0.061522,-0.071317,-0.018907,-0.017203,-0.096029,-0.050071,-0.144480,-0.028695,-0.028971,-0.046805,-0.056064,-0.077544,-0.078581,-0.103935,0.098724,0.086082,-0.000585,-0.068030,0.029810,0.005146,-0.007459,0.007161,-0.026215,0.020763,0.208229,0.000269,0.070362,0.142176,0.037092,0.013734,-0.027558,0.035708,0.060033,0.065172,-0.025802,-0.048974,-0.059955,0.240605,0.123559,-0.077305,0.161414,0.057098,0.004446,0.061508,-0.008715,-0.079657,-0.022315,-0.123439,-0.119576,0.095359,-0.067039,-0.052414,0.015756,0.035618,-0.198727,0.078597,0.009304,-0.101940,0.028880,0.033662,-0.147305,-0.017599
-0.180433,-0.135853,-0.135668,-0.077017,-0.105745,-0.019329,-0.032495,-0.060403,-0.118193,-0.091600,-0.086808,-0.010231,-0.036867,-0.109108,-0.090607,-0.111299,-0.056269,-0.096709,0.016901,0.088162,-0.045407,0.038428,-0.036189,-0.017057,0.086659,0.036490,0.121265,-0.005311,-0.027299,-0.075925,0.028904,-0.078649,0.040191,0.102156,-0.027564,0.066424,0.073230,0.025578,-0.033488,-0.023340,0.025406,0.105963,0.047038,-0.027213,-0.004201,-0.009711,0.123559,0.251162,0.012666,0.045143,0.064348,-0.035068,-0.014389,-0.077555,0.018220,0.011411,-0.088190,-0.020416,-0.176340,-0.112591,-0.141163,0.037764,0.075664,-0.096139,0.008488,-0.043914,0.057196,0.056235,-0.132351,-0.069041,-0.214122
0.019937,0.011033,-0.016284,0.039253,0.039723,0.102806,-0.016042,0.052964,0.010125,0.029981,0.008353,0.004660,0.015149,0.046073,0.107699,-0.014149,0.061116,-0.047870,0.131700,0.050704,0.041818,0.013652,0.123937,0.020818,-0.030819,0.001826,0.059095,0.001466,0.003057,-0.045430,0.000311,0.003402,0.005570,-0.038481,0.064316,0.032848,0.022926,-0.008555,-0.029144,0.021565,0.017280,0.004126,-0.053663,-0.015228,0.056764,0.022341,-0.077305,0.012666,0.187677,-0.007844,0.007658,0.018613,0.018089,-0.009384,0.063149,-0.014864,-0.039977,0.017036,-0.046220,0.055961,0.036227,0.034357,0.035009,0.083778,0.042850,0.014742,0.092177,-0.001376,0.028693,0.066909,-0.063001
0.035867,0.070298,-0.080382,-0.004459,-0.031723,-0.157816,0.034413,0.069822,-0.142281,-0.032393,-0.092849,-0.063486,-0.069562,-0.030940,-0.016158,-0.152843,-0.031546,0.009951,-0.024994,-0.073797,-0.093116,-0.093462,-0.042763,0.151724,0.037970,0.012796,0.002132,0.043230,-0.018386,-0.094539,0.066614,-0.059338,-0.027557,0.095551,0.044127,0.110909,0.122945,0.009950,-0.035689,-0.009413,0.086319,0.035486,0.012649,-0.041703,0.036699,-0.154245,0.161414,0.045143,-0.007844,0.199483,0.056075,-0.024800,0.085359,-0.027664,-0.081315,-0.091271,-0.146549,-0.097476,0.061514,-0.055946,0.052443,0.016338,0.034363,-0.137287,0.055838,0.022199,-0.045848,0.009000,0.022181,-0.113916,-0.030148
0.042367,-0.043394,-0.080906,-0.001582,-0.064281,-0.046247,-0.059868,-0.048659,-0.084476,-0.054446,-0.066548,-0.067684,-0.055161,-0.009669,0.000413,-0.027187,-0.019298,-0.016499,-0.065724,0.015451,-0.088969,-0.071822,-0.028057,0.017470,-0.027178,-0.049662,0.007659,-0.040246,-0.044782,-0.089299,0.016209,-0.061825,0.048427,0.090573,0.025330,0.063280,0.078145,-0.019679,-0.009315,0.033147,0.054278,0.010196,-0.064005,-0.019534,0.010519,-0.060376,0.057098,0.064348,0.007658,0.056075,0.152259,-0.033436,0.021075,-0.053872,0.068761,-0.030347,-0.076642,0.021657,-0.053527,-0.033663,-0.018539,0.074999,-0.009735,-0.112630,-0.003107,-0.007138,-0.006185,-0.039373,0.027799,-0.093911,-0.140788
0.144544,0.069490,0.068234,0.030861,0.050870,0.091984,-0.001546,0.000636,0.055560,-0.006896,0.029743,0.020884,0.015130,-0.018089,0.079605,0.028292,0.068670,-0.079617,0.033771,-0.014233,0.099746,0.012474,-0.025661,-0.002472,-0.042415,-0.096857,-0.108854,0.006649,0.005172,0.060974,-0.090866,0.022047,0.003651,0.049964,0.004902,-0.053655,0.020619,-0.028518,0.030060,0.022023,-0.023702,-0.032319,0.007274,0.007608,-0.037555,0.031525,0.004446,-0.035068,0.018613,-0.024800,-0.033436,0.089863,0.018394,0.087803,0.001907,0.013678,0.056217,0.002032,0.102520,0.032558,-0.014996,-0.030248,-0.024546,0.012442,0.019759,-0.009019,-0.033984,-0.038503,0.115534,-0.003365,0.100148
0.073033,0.038572,-0.029176,0.002703,-0.014222,-0.070321,0.007200,0.011722,-0.059091,-0.016822,-0.038792,-0.023326,-0.036369,-0.006606,0.048299,-0.088544,-0.025668,-0.034176,0.015047,-0.023050,-0.064823,-0.046869,-0.033886,0.078437,-0.017216,-0.068367,-0.077090,0.029111,-0.013342,-0.021783,-0.023961,-0.030539,-0.030911,0.029076,0.050393,0.044808,0.031763,-0.015509,-0.029726,0.006864,0.050676,-0.002621,0.016785,-0.016667,0.019199,-0.071816,0.061508,-0.014389,0.018089,0.085359,0.021075,0.018394,0.074977,0.008882,-0.038058,-0.076694,-0.047594,-0.049524,0.026982,-0.000878,0.021010,0.008142,0.012102,-0.077552,0.028074,-0.003016,-0.014708,0.004907,0.073781,-0.075518,-0.001988
0.113488,0.093436,0.067326,0.007545,0.088490,0.081826,0.001229,0.035001,0.059027,0.005580,0.025037,-0.009569,-0.007190,-0.008012,0.077352,0.049725,0.087959,0.013292,-0.001074,-0.086947,0.160284,-0.002996,-0.033481,0.000538,-0.081092,-0.130287,-0.111947,0.013393,0.018291,0.101055,-0.066541,0.030443,-0.006862,0.050312,-0.038299,-0.067390,0.035619,-0.061197,0.041879,0.030733,-0.058540,-0.079020,-0.023958,0.025527,-0.063782,-0.010957,-0.008715,-0.077555,-0.009384,-0.027664,-0.053872,0.087803,0.008882,0.136682,0.018705,0.005758,0.055767,0.002871,0.163230,0.033253,-0.033677,-0.035780,-0.078623,0.062985,-0.002176,-0.025048,-0.081347,-0.097671,0.147299,0.008428,0.177826
-0.025978,-0.062557,-0.035936,-0.015774,0.006991,0.102561,-0.078849,-0.031812,0.018188,-0.016370,-0.003560,-0.040816,-0.022731,0.019006,0.043230,0.079356,0.048172,0.027054,-0.009963,0.023685,0.072266,-0.008172,0.040376,-0.068023,-0.083764,-0.082689,0.034832,-0.048442,-0.011146,-0.005575,-0.005540,-0.010829,0.051010,0.017745,-0.027898,-0.018640,0.022252,-0.056435,0.013441,0.047249,-0.032399,-0.045539,-0.105487,0.017940,-0.019482,0.012923,-0.079657,0.018220,0.063149,-0.081315,0.068761,0.001907,-0.038058,0.018705,0.147022,0.022328,0.010682,0.084553,-0.056836,0.016623,-0.077253,0.063230,-0.057434,0.070798,-0.038663,-0.036356,0.015626,-0.090275,0.040744,0.024639,-0.068147
0.087320,0.045385,0.139863,0.095413,0.074196,0.064188,0.036516,-0.002651,0.156732,0.047859,0.093098,0.077224,0.124266,0.007363,-0.019704,0.107346,0.077942,0.020167,0.010357,0.014337,0.081220,0.032129,0.052210,-0.077045,0.061159,0.110580,0.007784,-0.034017,0.053327,0.091039,-0.013118,0.102234,0.070009,0.049502,-0.036391,-0.066576,-0.000613,0.063274,0.082379,-0.021201,-0.082948,0.015013,0.005000,0.021741,-0.063294,0.173692,-0.022315,0.011411,-0.014864,-0.091271,-0.030347,0.013678,-0.076694,0.005758,0.022328,0.138604,0.044827,0.010673,0.089505,0.054504,-0.003064,-0.010735,0.001800,0.053431,0.043514,0.048573,-0.031632,0.019666,-0.020244,0.092718,0.068865
0.006422,-0.034424,0.068724,-0.022987,0.004816,0.152136,-0.030682,-0.061596,0.089862,0.003906,0.071035,0.046411,0.018898,0.009109,0.014308,0.130228,0.017155,-0.069577,-0.002653,0.051605,0.088863,0.083149,-0.023827,-0.103515,-0.051375,-0.058098,-0.051962,-0.019140,-0.010721,0.055406,-0.087208,0.022439,-0.015301,-0.102320,-0.028038,-0.116625,-0.124253,-0.029956,0.020949,0.015598,-0.040418,-0.041974,0.016108,0.026689,-0.015341,0.076379,-0.123439,-0.088190,-0.039977,-0.146549,-0.076642,0.056217,-0.047594,0.055767,0.010682,0.044827,0.175523,0.088024,-0.023802,0.023797,-0.009476,-0.058742,-0.035602,0.089023,-0.072979,-0.027245,0.024808,-0.014378,0.004111,0.061982,0.075595
-0.090903,-0.095010,-0.052021,-0.063368,-0.045125,0.145622,-0.084645,-0.045333,-0.012160,-0.030568,0.001857,-0.030615,-0.053708,0.014360,-0.003722,0.107951,0.012262,-0.035913,-0.027374,0.063178,0.063419,0.035833,0.011912,-0.078989,-0.073866,-0.053377,0.069473,-0.040256,-0.043485,-0.067595,-0.002691,-0.042183,0.006718,-0.081060,-0.023516,-0.046803,-0.054489,-0.055928,-0.010502,0.040412,0.005671,-0.032100,-0.070487,0.006677,0.029188,-0.016481,-0.119576,-0.020416,0.017036,-0.097476,0.021657,0.002032,-0.049524,0.002871,0.084553,0.010673,0.088024,0.121851,-0.118525,-0.019900,-0.023516,0.010540,-0.037472,0.081930,-0.092063,-0.038948,0.057662,-0.058158,-0.036787,0.036686,-0.071945
0.477181,0.363300,0.297526,0.231610,0.256161,-0.047559,0.135926,0.145301,0.218287,0.114862,0.111508,0.044129,0.145820,0.047609,0.119278,0.069163,0.199858,0.133570,-0.021478,-0.235135,0.161433,-0.103908,0.010542,0.088561,-0.003490,0.009033,-0.237072,0.016675,0.103891,0.224756,-0.052670,0.180898,0.049184,0.203746,-0.004741,-0.061210,0.147235,0.037523,0.150894,0.001585,-0.107347,-0.087405,-0.018735,0.029917,-0.132557,0.095018,0.095359,-0.176340,-0.046220,0.061514,-0.053527,0.102520,0.026982,0.163230,-0.056836,0.089505,-0.023802,-0.118525,0.529327,0.148333,0.123305,-0.051090,-0.087157,0.002510,0.155144,0.111798,-0.238040,-0.088027,0.280781,0.036009,0.412539
