0.322763,0.220126,0.167518,0.065905,0.293625,-0.092988,0.147448,0.121929,0.094361,0.038715,0.014828,0.050073,0.128969,0.089873,-0.175620,-0.089718,0.200827,0.254998,-0.180475,0.049361,0.505583,-0.042124,-0.096520,0.134611,0.106865,-0.065709,0.097541,0.124246,0.060357,0.027676,0.015678,0.077457,-0.070564,-0.019038,0.024366,-0.069068,-0.020861,-0.059726,-0.141659,-0.057114,0.049988,0.015162,-0.078554,-0.116281,-0.012832,0.137955,-0.002203,0.029172,0.014896,0.018051,-0.064744,0.192754,-0.132181,-0.061984,-0.185356,-0.066216,0.044785,-0.200860,0.176315,-0.144853,0.134538,0.045676,0.118042,-0.153001,-0.138776,-0.173185,-0.203064,0.019842,0.164394,-0.132342,0.109540
0.220126,0.150327,0.114291,0.044882,0.200414,-0.063408,0.100664,0.083250,0.064376,0.026400,0.010127,0.034147,0.087949,0.061332,-0.119819,-0.061213,0.137035,0.174003,-0.123127,0.033667,0.344963,-0.028741,-0.065808,0.091862,0.072971,-0.044858,0.066547,0.084756,0.041187,0.018893,0.010730,0.052858,-0.048159,-0.012999,0.016608,-0.047157,-0.014231,-0.040773,-0.096645,-0.038955,0.034115,0.010329,-0.053608,-0.079341,-0.008741,0.094100,-0.001492,0.019885,0.010183,0.012310,-0.044207,0.131511,-0.090191,-0.042294,-0.126468,-0.045194,0.030552,-0.137087,0.120381,-0.098885,0.091806,0.031146,0.080535,-0.104408,-0.094688,-0.118157,-0.138567,0.013582,0.112149,-0.090307,0.074743
0.167518,0.114291,0.087074,0.034193,0.152447,-0.048301,0.076589,0.063304,0.049040,0.020147,0.007767,0.026045,0.066944,0.046655,-0.091197,-0.046580,0.104259,0.132442,-0.093716,0.025619,0.262561,-0.021859,-0.050149,0.069901,0.055507,-0.034134,0.050644,0.064531,0.031331,0.014378,0.008136,0.040250,-0.036632,-0.009874,0.012661,-0.035880,-0.010797,-0.031022,-0.073561,-0.029630,0.025972,0.007868,-0.040783,-0.060379,-0.006643,0.071642,-0.001137,0.015133,0.007733,0.009358,-0.033634,0.100080,-0.068640,-0.032199,-0.096254,-0.034401,0.023259,-0.104304,0.091574,-0.075244,0.069882,0.023710,0.061295,-0.079425,-0.072081,-0.089928,-0.105445,0.010313,0.085362,-0.068732,0.056905
0.065905,0.044882,0.034193,0.013596,0.059881,-0.019000,0.030084,0.024891,0.019250,0.007903,0.003014,0.010217,0.026388,0.018360,-0.035810,-0.018257,0.040983,0.052041,-0.036835,0.010064,0.103185,-0.008597,-0.019710,0.027472,0.021803,-0.013396,0.019901,0.025355,0.012305,0.005660,0.003198,0.015819,-0.014424,-0.003877,0.004939,-0.014080,-0.004228,-0.012179,-0.028913,-0.011665,0.010210,0.003070,-0.016019,-0.023718,-0.002625,0.028218,-0.000441,0.005942,0.003060,0.003686,-0.013195,0.039334,-0.026961,-0.012650,-0.037822,-0.013510,0.009134,-0.040974,0.035985,-0.029543,0.027442,0.009321,0.024108,-0.031217,-0.028326,-0.035326,-0.041445,0.004074,0.033529,-0.027029,0.022364
0.293625,0.200414,0.152447,0.059881,0.267593,-0.084734,0.134261,0.110987,0.085907,0.035235,0.013487,0.045589,0.117378,0.081805,-0.159877,-0.081675,0.182886,0.232224,-0.164275,0.044966,0.460325,-0.038263,-0.087806,0.122547,0.097298,-0.059815,0.088766,0.113066,0.054929,0.025208,0.014279,0.070524,-0.064234,-0.017349,0.022154,-0.062907,-0.018937,-0.054378,-0.128954,-0.051979,0.045507,0.013777,-0.071499,-0.105860,-0.011690,0.125592,-0.002013,0.026544,0.013605,0.016414,-0.058956,0.175473,-0.120332,-0.056438,-0.168734,-0.060305,0.040756,-0.182875,0.160513,-0.131868,0.122502,0.041530,0.107445,-0.139307,-0.126365,-0.157657,-0.184865,0.018095,0.149641,-0.120466,0.099736
-0.092988,-0.063408,-0.048301,-0.019000,-0.084734,0.027225,-0.042571,-0.035221,-0.027216,-0.011182,-0.004289,-0.014441,-0.037209,-0.025911,0.050641,0.025859,-0.057900,-0.073548,0.052031,-0.014247,-0.145747,0.012189,0.027901,-0.038865,-0.030820,0.018948,-0.028118,-0.035833,-0.017406,-0.007987,-0.004543,-0.022334,0.020345,0.005485,-0.007041,0.019916,0.006014,0.017231,0.040834,0.016464,-0.014410,-0.004357,0.022643,0.033525,0.003693,-0.039784,0.000628,-0.008414,-0.004298,-0.005197,0.018664,-0.055588,0.038113,0.017874,0.053457,0.019100,-0.012915,0.057933,-0.050827,0.041755,-0.038805,-0.013161,-0.034020,0.044130,0.040035,0.049943,0.058546,-0.005711,-0.047404,0.038165,-0.031576
0.147448,0.100664,0.076589,0.030084,0.134261,-0.042571,0.067625,0.055725,0.043138,0.017691,0.006809,0.022869,0.058959,0.041071,-0.080296,-0.041013,0.091803,0.116578,-0.082512,0.022567,0.231229,-0.019190,-0.044061,0.061633,0.048919,-0.030024,0.044602,0.056800,0.027598,0.012651,0.007159,0.035419,-0.032292,-0.008700,0.011149,-0.031572,-0.009557,-0.027318,-0.064767,-0.026114,0.022853,0.006912,-0.035909,-0.053156,-0.005872,0.063069,-0.000986,0.013317,0.006805,0.008238,-0.029580,0.088131,-0.060438,-0.028340,-0.084753,-0.030299,0.020476,-0.091843,0.080600,-0.066238,0.061520,0.020877,0.053941,-0.069952,-0.063449,-0.079180,-0.092833,0.009081,0.075167,-0.060519,0.050089
0.121929,0.083250,0.063304,0.024891,0.110987,-0.035221,0.055725,0.046487,0.035676,0.014642,0.005597,0.018938,0.048740,0.033981,-0.066402,-0.033914,0.075920,0.096413,-0.068236,0.018642,0.191207,-0.015864,-0.036426,0.050890,0.040390,-0.024879,0.036880,0.047047,0.022847,0.010484,0.005992,0.029317,-0.026686,-0.007198,0.009201,-0.026131,-0.007881,-0.022587,-0.053555,-0.021597,0.018894,0.005730,-0.029718,-0.043960,-0.004840,0.052179,-0.000832,0.011026,0.005630,0.006822,-0.024508,0.072878,-0.049976,-0.023436,-0.070094,-0.025034,0.016931,-0.075973,0.066656,-0.054764,0.050872,0.017277,0.044652,-0.057875,-0.052466,-0.065473,-0.076790,0.007527,0.062151,-0.050051,0.041431
0.094361,0.064376,0.049040,0.019250,0.085907,-0.027216,0.043138,0.035676,0.027682,0.011341,0.004374,0.014689,0.037718,0.026292,-0.051379,-0.026250,0.058747,0.074622,-0.052804,0.014437,0.147920,-0.012316,-0.028218,0.039375,0.031278,-0.019215,0.028530,0.036340,0.017691,0.008095,0.004580,0.022715,-0.020615,-0.005526,0.007127,-0.020233,-0.006097,-0.017474,-0.041429,-0.016702,0.014611,0.004432,-0.022973,-0.034018,-0.003761,0.040373,-0.000653,0.008513,0.004375,0.005243,-0.018953,0.056394,-0.038676,-0.018131,-0.054231,-0.019381,0.013109,-0.058746,0.051565,-0.042341,0.039348,0.013350,0.034532,-0.044749,-0.040597,-0.050682,-0.059418,0.005824,0.048085,-0.038723,0.032043
0.038715,0.026400,0.020147,0.007903,0.035235,-0.011182,0.017691,0.014642,0.011341,0.004822,0.001794,0.006007,0.015466,0.010837,-0.021089,-0.010792,0.024133,0.030608,-0.021673,0.005914,0.060710,-0.005066,-0.011607,0.016167,0.012809,-0.007893,0.011713,0.014904,0.007264,0.003326,0.001884,0.009295,-0.008480,-0.002300,0.002937,-0.008259,-0.002404,-0.007180,-0.017011,-0.006870,0.005983,0.001802,-0.009441,-0.013974,-0.001539,0.016565,-0.000287,0.003513,0.001721,0.002208,-0.007777,0.023128,-0.015871,-0.007448,-0.022244,-0.007967,0.005361,-0.024133,0.021181,-0.017352,0.016156,0.005489,0.014184,-0.018367,-0.016646,-0.020779,-0.024351,0.002409,0.019734,-0.015898,0.013179
0.014828,0.010127,0.007767,0.003014,0.013487,-0.004289,0.006809,0.005597,0.004374,0.001794,0.000795,0.002328,0.005926,0.004116,-0.008088,-0.004118,0.009235,0.011739,-0.008316,0.002280,0.023256,-0.001959,-0.004425,0.006201,0.004934,-0.003050,0.004487,0.005731,0.002775,0.001271,0.000715,0.003582,-0.003256,-0.000880,0.001136,-0.003193,-0.000967,-0.002703,-0.006476,-0.002599,0.002360,0.000699,-0.003649,-0.005342,-0.000562,0.006343,-0.000109,0.001351,0.000692,0.000805,-0.002998,0.008877,-0.006081,-0.002855,-0.008544,-0.003055,0.002061,-0.009253,0.008127,-0.006645,0.006203,0.002116,0.005422,-0.007023,-0.006415,-0.007977,-0.009322,0.000902,0.007560,-0.006076,0.005060
0.050073,0.034147,0.026045,0.010217,0.045589,-0.014441,0.022869,0.018938,0.014689,0.006007,0.002328,0.007925,0.020025,0.013932,-0.027270,-0.013949,0.031205,0.039591,-0.028022,0.007645,0.078507,-0.006528,-0.014994,0.020902,0.016589,-0.010196,0.015138,0.019303,0.009346,0.004301,0.002433,0.012045,-0.010978,-0.002941,0.003790,-0.010733,-0.003235,-0.009274,-0.022012,-0.008870,0.007779,0.002400,-0.012104,-0.018042,-0.001966,0.021433,-0.000363,0.004535,0.002351,0.002761,-0.010047,0.029928,-0.020524,-0.009625,-0.028782,-0.010294,0.006957,-0.031191,0.027381,-0.022440,0.020878,0.007099,0.018337,-0.023776,-0.021561,-0.026889,-0.031578,0.003063,0.025537,-0.020557,0.017021
0.128969,0.087949,0.066944,0.026388,0.117378,-0.037209,0.058959,0.048740,0.037718,0.015466,0.005926,0.020025,0.051680,0.035968,-0.070223,-0.035884,0.080297,0.101953,-0.072144,0.019705,0.202150,-0.016839,-0.038566,0.053818,0.042758,-0.026266,0.038984,0.049673,0.024130,0.011069,0.006262,0.030977,-0.028233,-0.007615,0.009694,-0.027616,-0.008359,-0.023867,-0.056639,-0.022828,0.019981,0.006068,-0.031398,-0.046474,-0.005155,0.055248,-0.000851,0.011677,0.005961,0.007215,-0.025891,0.077061,-0.052844,-0.024788,-0.074104,-0.026476,0.017899,-0.080332,0.070434,-0.057895,0.053839,0.018240,0.047197,-0.061146,-0.055479,-0.069228,-0.081197,0.007950,0.065723,-0.052892,0.043802
0.089873,0.061332,0.046655,0.018360,0.081805,-0.025911,0.041071,0.033981,0.026292,0.010837,0.004116,0.013932,0.035968,0.025205,-0.048954,-0.025003,0.055944,0.071069,-0.050302,0.013764,0.140903,-0.011754,-0.026927,0.037503,0.029783,-0.018313,0.027170,0.034613,0.016823,0.007713,0.004375,0.021605,-0.019653,-0.005330,0.006771,-0.019235,-0.005802,-0.016652,-0.039473,-0.015924,0.013909,0.004204,-0.021905,-0.032411,-0.003568,0.038446,-0.000617,0.008123,0.004201,0.005071,-0.018015,0.053705,-0.036834,-0.017273,-0.051651,-0.018465,0.012466,-0.056000,0.049118,-0.040367,0.037563,0.012737,0.032892,-0.042643,-0.038678,-0.048269,-0.056581,0.005556,0.045801,-0.036890,0.030542
-0.175620,-0.119819,-0.091197,-0.035810,-0.159877,0.050641,-0.080296,-0.066402,-0.051379,-0.021089,-0.008088,-0.027270,-0.070223,-0.048954,0.096059,0.048823,-0.109341,-0.138860,0.098264,-0.026873,-0.275313,0.022919,0.052546,-0.073289,-0.058209,0.035792,-0.053118,-0.067643,-0.032866,-0.015072,-0.008538,-0.042175,0.038432,0.010363,-0.013247,0.037612,0.011347,0.032528,0.077129,0.031097,-0.027232,-0.008245,0.042772,0.063315,0.006985,-0.075118,0.001195,-0.015877,-0.008120,-0.009823,0.035258,-0.104898,0.072051,0.033803,0.100962,0.036072,-0.024380,0.109364,-0.095972,0.078868,-0.073262,-0.024860,-0.064274,0.083302,0.075562,0.094296,0.110577,-0.010823,-0.089545,0.072070,-0.059640
-0.089718,-0.061213,-0.046580,-0.018257,-0.081675,0.025859,-0.041013,-0.033914,-0.026250,-0.010792,-0.004118,-0.013949,-0.035884,-0.025003,0.048823,0.025201,-0.055833,-0.070940,0.050210,-0.013741,-0.140652,0.011728,0.026837,-0.037440,-0.029742,0.018269,-0.027103,-0.034557,-0.016805,-0.007703,-0.004372,-0.021532,0.019625,0.005305,-0.006749,0.019175,0.005803,0.016610,0.039433,0.015884,-0.013876,-0.004235,0.021845,0.032340,0.003575,-0.038398,0.000610,-0.008130,-0.004177,-0.005025,0.018029,-0.053611,0.036761,0.017250,0.051547,0.018477,-0.012433,0.055959,-0.048974,0.040270,-0.037391,-0.012690,-0.032825,0.042546,0.038598,0.048199,0.056484,-0.005539,-0.045721,0.036755,-0.030457
0.200827,0.137035,0.104259,0.040983,0.182886,-0.057900,0.091803,0.075920,0.058747,0.024133,0.009235,0.031205,0.080297,0.055944,-0.109341,-0.055833,0.125341,0.158728,-0.112381,0.030688,0.314885,-0.026220,-0.060077,0.083826,0.066550,-0.040921,0.060745,0.077358,0.037600,0.017237,0.009763,0.048226,-0.043959,-0.011851,0.015164,-0.043022,-0.012956,-0.037205,-0.088184,-0.035558,0.031139,0.009436,-0.048900,-0.072390,-0.008019,0.085898,-0.001376,0.018157,0.009268,0.011207,-0.040304,0.120021,-0.082300,-0.038598,-0.115410,-0.041217,0.027884,-0.125112,0.109811,-0.090157,0.083838,0.028501,0.073515,-0.095190,-0.086420,-0.107848,-0.126442,0.012364,0.102350,-0.082448,0.068136
0.254998,0.174003,0.132442,0.052041,0.232224,-0.073548,0.116578,0.096413,0.074622,0.030608,0.011739,0.039591,0.101953,0.071069,-0.138860,-0.070940,0.158728,0.202060,-0.142759,0.038968,0.399793,-0.033277,-0.076289,0.106450,0.084531,-0.051963,0.077119,0.098254,0.047716,0.021893,0.012406,0.061258,-0.055812,-0.015038,0.019243,-0.054619,-0.016484,-0.047248,-0.112006,-0.045154,0.039541,0.011961,-0.062108,-0.091944,-0.010136,0.109080,-0.001742,0.023047,0.011780,0.014263,-0.051193,0.152407,-0.104518,-0.049016,-0.146561,-0.052369,0.035406,-0.158843,0.139382,-0.114546,0.106397,0.036184,0.093421,-0.120918,-0.109768,-0.136922,-0.160576,0.015707,0.129974,-0.104658,0.086630
-0.180475,-0.123127,-0.093716,-0.036835,-0.164275,0.052031,-0.082512,-0.068236,-0.052804,-0.021673,-0.008316,-0.028022,-0.072144,-0.050302,0.098264,0.050210,-0.112381,-0.142759,0.101309,-0.027630,-0.282940,0.023555,0.053995,-0.075298,-0.059821,0.036789,-0.054581,-0.069522,-0.033770,-0.015485,-0.008769,-0.043346,0.039514,0.010653,-0.013635,0.038685,0.011658,0.033447,0.079257,0.031962,-0.027991,-0.008464,0.043955,0.065060,0.007190,-0.077191,0.001234,-0.016320,-0.008280,-0.010079,0.036201,-0.107860,0.073963,0.034683,0.103725,0.037042,-0.025063,0.112431,-0.098646,0.081045,-0.075308,-0.025490,-0.065956,0.085646,0.077737,0.096929,0.113681,-0.011148,-0.091994,0.074077,-0.061276
0.049361,0.033667,0.025619,0.010064,0.044966,-0.014247,0.022567,0.018642,0.014437,0.005914,0.002280,0.007645,0.019705,0.013764,-0.026873,-0.013741,0.030688,0.038968,-0.027630,0.007878,0.077355,-0.006424,-0.014751,0.020555,0.016397,-0.010051,0.014927,0.019001,0.009252,0.004234,0.002399,0.011834,-0.010784,-0.002938,0.003768,-0.010611,-0.003168,-0.009127,-0.021664,-0.008739,0.007642,0.002311,-0.012020,-0.017787,-0.001961,0.021100,-0.000351,0.004472,0.002284,0.002753,-0.009885,0.029488,-0.020216,-0.009477,-0.028365,-0.010133,0.006861,-0.030722,0.026948,-0.022158,0.020565,0.007044,0.018108,-0.023364,-0.021246,-0.026501,-0.031091,0.003133,0.025177,-0.020208,0.016770
0.505583,0.344963,0.262561,0.103185,0.460325,-0.145747,0.231229,0.191207,0.147920,0.060710,0.023256,0.078507,0.202150,0.140903,-0.275313,-0.140652,0.314885,0.399793,-0.282940,0.077355,0.793058,-0.066014,-0.151325,0.211086,0.167560,-0.103019,0.152897,0.194775,0.094607,0.043411,0.024605,0.121443,-0.110629,-0.029846,0.038173,-0.108311,-0.032667,-0.093665,-0.222073,-0.089510,0.078393,0.023712,-0.123128,-0.182285,-0.020099,0.216274,-0.003428,0.045707,0.023389,0.028253,-0.101498,0.302172,-0.207218,-0.097180,-0.290592,-0.103841,0.070206,-0.314901,0.276306,-0.227118,0.210914,0.071594,0.185083,-0.239849,-0.217610,-0.271470,-0.318351,0.031151,0.257699,-0.207477,0.171785
-0.042124,-0.028741,-0.021859,-0.008597,-0.038263,0.012189,-0.019190,-0.015864,-0.012316,-0.005066,-0.001959,-0.006528,-0.016839,-0.011754,0.022919,0.011728,-0.026220,-0.033277,0.023555,-0.006424,-0.066014,0.005834,0.012555,-0.017575,-0.013970,0.008598,-0.012718,-0.016145,-0.007884,-0.003615,-0.002094,-0.010120,0.009204,0.002488,-0.003158,0.009005,0.002717,0.007804,0.018457,0.007453,-0.006529,-0.001975,0.010256,0.015177,0.001661,-0.017947,0.000278,-0.003802,-0.001957,-0.002364,0.008476,-0.025154,0.017245,0.008093,0.024191,0.008666,-0.005846,0.026224,-0.023022,0.018913,-0.017551,-0.005963,-0.015434,0.019958,0.018122,0.022596,0.026511,-0.002597,-0.021449,0.017272,-0.014296
-0.096520,-0.065808,-0.050149,-0.019710,-0.087806,0.027901,-0.044061,-0.036426,-0.028218,-0.011607,-0.004425,-0.014994,-0.038566,-0.026927,0.052546,0.026837,-0.060077,-0.076289,0.053995,-0.014751,-0.151325,0.012555,0.029136,-0.040267,-0.031975,0.019667,-0.029174,-0.037214,-0.018034,-0.008276,-0.004674,-0.023144,0.021106,0.005704,-0.007296,0.020694,0.006244,0.017885,0.042389,0.017071,-0.014971,-0.004507,0.023494,0.034795,0.003821,-0.041280,0.000653,-0.008722,-0.004465,-0.005394,0.019384,-0.057671,0.039549,0.018541,0.055467,0.019796,-0.013394,0.060113,-0.052786,0.043397,-0.040234,-0.013674,-0.035324,0.045782,0.041543,0.051799,0.060770,-0.005951,-0.049176,0.039612,-0.032786
0.134611,0.091862,0.069901,0.027472,0.122547,-0.038865,0.061633,0.050890,0.039375,0.016167,0.006201,0.020902,0.053818,0.037503,-0.073289,-0.037440,0.083826,0.106450,-0.075298,0.020555,0.211086,-0.017575,-0.040267,0.056353,0.044640,-0.027414,0.040720,0.051914,0.025203,0.011551,0.006533,0.032314,-0.029471,-0.007945,0.010155,-0.028834,-0.008685,-0.024937,-0.059107,-0.023838,0.020889,0.006300,-0.032776,-0.048532,-0.005326,0.057559,-0.000945,0.012178,0.006236,0.007515,-0.027026,0.080444,-0.055178,-0.025870,-0.077339,-0.027656,0.018700,-0.083840,0.073556,-0.060489,0.056170,0.019045,0.049308,-0.063868,-0.057923,-0.072259,-0.084792,0.008289,0.068608,-0.055251,0.045711
0.106865,0.072971,0.055507,0.021803,0.097298,-0.030820,0.048919,0.040390,0.031278,0.012809,0.004934,0.016589,0.042758,0.029783,-0.058209,-0.029742,0.066550,0.084531,-0.059821,0.016397,0.167560,-0.013970,-0.031975,0.044640,0.035564,-0.021756,0.032355,0.041186,0.020010,0.009182,0.005192,0.025673,-0.023399,-0.006291,0.008056,-0.022928,-0.006918,-0.019801,-0.046948,-0.018931,0.016580,0.005017,-0.026031,-0.038533,-0.004270,0.045751,-0.000711,0.009672,0.004939,0.005946,-0.021460,0.063888,-0.043812,-0.020545,-0.061447,-0.021948,0.014829,-0.066597,0.058452,-0.048019,0.044607,0.015143,0.039178,-0.050725,-0.045981,-0.057416,-0.067299,0.006662,0.054478,-0.043875,0.036317
-0.065709,-0.044858,-0.034134,-0.013396,-0.059815,0.018948,-0.030024,-0.024879,-0.019215,-0.007893,-0.003050,-0.010196,-0.026266,-0.018313,0.035792,0.018269,-0.040921,-0.051963,0.036789,-0.010051,-0.103019,0.008598,0.019667,-0.027414,-0.021756,0.013533,-0.019863,-0.025316,-0.012298,-0.005636,-0.003152,-0.015771,0.014382,0.003884,-0.004969,0.014089,0.004238,0.012186,0.028838,0.011609,-0.010213,-0.003085,0.016002,0.023700,0.002604,-0.028115,0.000438,-0.005970,-0.003042,-0.003675,0.013205,-0.039285,0.026942,0.012632,0.037766,0.013515,-0.009122,0.040964,-0.035941,0.029536,-0.027412,-0.009314,-0.024043,0.031180,0.028301,0.035293,0.041370,-0.004059,-0.033497,0.026985,-0.022317
0.097541,0.066547,0.050644,0.019901,0.088766,-0.028118,0.044602,0.036880,0.028530,0.011713,0.004487,0.015138,0.038984,0.027170,-0.053118,-0.027103,0.060745,0.077119,-0.054581,0.014927,0.152897,-0.012718,-0.029174,0.040720,0.032355,-0.019863,0.029663,0.037571,0.018239,0.008371,0.004762,0.023422,-0.021338,-0.005765,0.007383,-0.020907,-0.006304,-0.018072,-0.042848,-0.017268,0.015127,0.004628,-0.023780,-0.035176,-0.003887,0.041690,-0.000681,0.008805,0.004487,0.005456,-0.019586,0.058294,-0.039969,-0.018749,-0.056056,-0.020022,0.013543,-0.060779,0.053317,-0.043782,0.040681,0.013794,0.035762,-0.046280,-0.041983,-0.052376,-0.061370,0.005987,0.049722,-0.040027,0.033118
0.124246,0.084756,0.064531,0.025355,0.113066,-0.035833,0.056800,0.047047,0.036340,0.014904,0.005731,0.019303,0.049673,0.034613,-0.067643,-0.034557,0.077358,0.098254,-0.069522,0.019001,0.194775,-0.016145,-0.037214,0.051914,0.041186,-0.025316,0.037571,0.048057,0.023289,0.010656,0.006018,0.029835,-0.027205,-0.007376,0.009383,-0.026610,-0.008023,-0.022993,-0.054571,-0.021994,0.019250,0.005831,-0.030249,-0.044804,-0.004944,0.053145,-0.000851,0.011225,0.005765,0.006953,-0.024955,0.074246,-0.050922,-0.023891,-0.071391,-0.025493,0.017254,-0.077400,0.067918,-0.055825,0.051848,0.017591,0.045470,-0.058866,-0.053450,-0.066739,-0.078241,0.007646,0.063327,-0.050991,0.042201
0.060357,0.041187,0.031331,0.012305,0.054929,-0.017406,0.027598,0.022847,0.017691,0.007264,0.002775,0.009346,0.024130,0.016823,-0.032866,-0.016805,0.037600,0.047716,-0.033770,0.009252,0.094607,-0.007884,-0.018034,0.025203,0.020010,-0.012298,0.018239,0.023289,0.011426,0.005161,0.002942,0.014502,-0.013170,-0.003529,0.004537,-0.012946,-0.003902,-0.011187,-0.026492,-0.010706,0.009354,0.002824,-0.014709,-0.021751,-0.002399,0.025816,-0.000414,0.005452,0.002766,0.003355,-0.012135,0.036072,-0.024724,-0.011596,-0.034694,-0.012389,0.008376,-0.037599,0.032991,-0.027079,0.025188,0.008542,0.022087,-0.028563,-0.025907,-0.032418,-0.038012,0.003739,0.030753,-0.024755,0.020499
0.027676,0.018893,0.014378,0.005660,0.025208,-0.007987,0.012651,0.010484,0.008095,0.003326,0.001271,0.004301,0.011069,0.007713,-0.015072,-0.007703,0.017237,0.021893,-0.015485,0.004234,0.043411,-0.003615,-0.008276,0.011551,0.009182,-0.005636,0.008371,0.010656,0.005161,0.002816,0.001322,0.006643,-0.006049,-0.001630,0.002089,-0.005930,-0.001786,-0.005129,-0.012157,-0.004902,0.004292,0.001310,-0.006749,-0.009978,-0.001105,0.011835,-0.000194,0.002505,0.001274,0.001550,-0.005557,0.016596,-0.011355,-0.005334,-0.015923,-0.005692,0.003848,-0.017239,0.015131,-0.012438,0.011552,0.003919,0.010124,-0.013126,-0.011911,-0.014863,-0.017429,0.001714,0.014117,-0.011372,0.009403
0.015678,0.010730,0.008136,0.003198,0.014279,-0.004543,0.007159,0.005992,0.004580,0.001884,0.000715,0.002433,0.006262,0.004375,-0.008538,-0.004372,0.009763,0.012406,-0.008769,0.002399,0.024605,-0.002094,-0.004674,0.006533,0.005192,-0.003152,0.004762,0.006018,0.002942,0.001322,0.001027,0.003743,-0.003462,-0.000931,0.001194,-0.003364,-0.001016,-0.002883,-0.006916,-0.002757,0.002446,0.000743,-0.003821,-0.005661,-0.000635,0.006703,-0.000108,0.001422,0.000731,0.000865,-0.003135,0.009373,-0.006435,-0.003002,-0.009012,-0.003256,0.002177,-0.009730,0.008564,-0.007041,0.006529,0.002222,0.005723,-0.007413,-0.006805,-0.008382,-0.009858,0.000966,0.007993,-0.006449,0.005328
0.077457,0.052858,0.040250,0.015819,0.070524,-0.022334,0.035419,0.029317,0.022715,0.009295,0.003582,0.012045,0.030977,0.021605,-0.042175,-0.021532,0.048226,0.061258,-0.043346,0.011834,0.121443,-0.010120,-0.023144,0.032314,0.025673,-0.015771,0.023422,0.029835,0.014502,0.006643,0.003743,0.018700,-0.016928,-0.004551,0.005842,-0.016600,-0.005016,-0.014339,-0.034019,-0.013718,0.011984,0.003635,-0.018863,-0.027929,-0.003104,0.033125,-0.000514,0.006978,0.003586,0.004328,-0.015556,0.046291,-0.031746,-0.014889,-0.044527,-0.015910,0.010750,-0.048241,0.042330,-0.034799,0.032304,0.010963,0.028353,-0.036762,-0.033312,-0.041618,-0.048769,0.004768,0.039476,-0.031781,0.026295
-0.070564,-0.048159,-0.036632,-0.014424,-0.064234,0.020345,-0.032292,-0.026686,-0.020615,-0.008480,-0.003256,-0.010978,-0.028233,-0.019653,0.038432,0.019625,-0.043959,-0.055812,0.039514,-0.010784,-0.110629,0.009204,0.021106,-0.029471,-0.023399,0.014382,-0.021338,-0.027205,-0.013170,-0.006049,-0.003462,-0.016928,0.015581,0.004194,-0.005320,0.015113,0.004561,0.013076,0.030989,0.012522,-0.010955,-0.003312,0.017183,0.025444,0.002821,-0.030191,0.000495,-0.006368,-0.003279,-0.003941,0.014207,-0.042183,0.028920,0.013557,0.040574,0.014482,-0.009787,0.043958,-0.038573,0.031688,-0.029441,-0.009990,-0.025856,0.033492,0.030405,0.037892,0.044441,-0.004342,-0.035968,0.028964,-0.023964
-0.019038,-0.012999,-0.009874,-0.003877,-0.017349,0.005485,-0.008700,-0.007198,-0.005526,-0.002300,-0.000880,-0.002941,-0.007615,-0.005330,0.010363,0.005305,-0.011851,-0.015038,0.010653,-0.002938,-0.029846,0.002488,0.005704,-0.007945,-0.006291,0.003884,-0.005765,-0.007376,-0.003529,-0.001630,-0.000931,-0.004551,0.004194,0.001264,-0.001437,0.004057,0.001276,0.003488,0.008367,0.003362,-0.002936,-0.000898,0.004636,0.006857,0.000756,-0.008127,0.000156,-0.001709,-0.000852,-0.001094,0.003851,-0.011370,0.007797,0.003665,0.010945,0.003918,-0.002639,0.011883,-0.010395,0.008568,-0.007955,-0.002693,-0.006955,0.009016,0.008235,0.010206,0.011965,-0.001177,-0.009687,0.007791,-0.006464
0.024366,0.016608,0.012661,0.004939,0.022154,-0.007041,0.011149,0.009201,0.007127,0.002937,0.001136,0.003790,0.009694,0.006771,-0.013247,-0.006749,0.015164,0.019243,-0.013635,0.003768,0.038173,-0.003158,-0.007296,0.010155,0.008056,-0.004969,0.007383,0.009383,0.004537,0.002089,0.001194,0.005842,-0.005320,-0.001437,0.002091,-0.005202,-0.001610,-0.004501,-0.010714,-0.004315,0.003780,0.001176,-0.005949,-0.008761,-0.000977,0.010372,-0.000159,0.002203,0.001180,0.001404,-0.004817,0.014538,-0.009971,-0.004686,-0.014000,-0.005002,0.003378,-0.015161,0.013318,-0.010915,0.010142,0.003446,0.008924,-0.011523,-0.010471,-0.013067,-0.015325,0.001527,0.012386,-0.010043,0.008248
-0.069068,-0.047157,-0.035880,-0.014080,-0.062907,0.019916,-0.031572,-0.026131,-0.020233,-0.008259,-0.003193,-0.010733,-0.027616,-0.019235,0.037612,0.019175,-0.043022,-0.054619,0.038685,-0.010611,-0.108311,0.009005,0.020694,-0.028834,-0.022928,0.014089,-0.020907,-0.026610,-0.012946,-0.005930,-0.003364,-0.016600,0.015113,0.004057,-0.005202,0.014911,0.004475,0.012799,0.030336,0.012213,-0.010722,-0.003232,0.016801,0.024906,0.002744,-0.029557,0.000475,-0.006216,-0.003175,-0.003807,0.013934,-0.041287,0.028304,0.013281,0.039696,0.014180,-0.009589,0.043025,-0.037769,0.031060,-0.028841,-0.009775,-0.025301,0.032790,0.029744,0.037083,0.043503,-0.004289,-0.035203,0.028366,-0.023448
-0.020861,-0.014231,-0.010797,-0.004228,-0.018937,0.006014,-0.009557,-0.007881,-0.006097,-0.002404,-0.000967,-0.003235,-0.008359,-0.005802,0.011347,0.005803,-0.012956,-0.016484,0.011658,-0.003168,-0.032667,0.002717,0.006244,-0.008685,-0.006918,0.004238,-0.006304,-0.008023,-0.003902,-0.001786,-0.001016,-0.005016,0.004561,0.001276,-0.001610,0.004475,0.001601,0.003846,0.009128,0.003697,-0.003227,-0.001014,0.005092,0.007505,0.000835,-0.008891,0.000134,-0.001907,-0.000928,-0.001126,0.004221,-0.012442,0.008529,0.004006,0.011972,0.004277,-0.002891,0.012974,-0.011348,0.009340,-0.008695,-0.002956,-0.007605,0.009855,0.008982,0.011185,0.013094,-0.001273,-0.010612,0.008559,-0.007081
-0.059726,-0.040773,-0.031022,-0.012179,-0.054378,0.017231,-0.027318,-0.022587,-0.017474,-0.007180,-0.002703,-0.009274,-0.023867,-0.016652,0.032528,0.016610,-0.037205,-0.047248,0.033447,-0.009127,-0.093665,0.007804,0.017885,-0.024937,-0.019801,0.012186,-0.018072,-0.022993,-0.011187,-0.005129,-0.002883,-0.014339,0.013076,0.003488,-0.004501,0.012799,0.003846,0.011191,0.026268,0.010593,-0.009251,-0.002803,0.014562,0.021542,0.002369,-0.025539,0.000407,-0.005392,-0.002765,-0.003337,0.011993,-0.035703,0.024487,0.011486,0.034329,0.012250,-0.008296,0.037191,-0.032665,0.026858,-0.024936,-0.008454,-0.021866,0.028338,0.025692,0.032112,0.037619,-0.003672,-0.030452,0.024498,-0.020301
-0.141659,-0.096645,-0.073561,-0.028913,-0.128954,0.040834,-0.064767,-0.053555,-0.041429,-0.017011,-0.006476,-0.022012,-0.056639,-0.039473,0.077129,0.039433,-0.088184,-0.112006,0.079257,-0.021664,-0.222073,0.018457,0.042389,-0.059107,-0.046948,0.028838,-0.042848,-0.054571,-0.026492,-0.012157,-0.006916,-0.034019,0.030989,0.008367,-0.010714,0.030336,0.009128,0.026268,0.062347,0.025088,-0.021947,-0.006658,0.034489,0.051063,0.005613,-0.060604,0.000955,-0.012806,-0.006567,-0.007925,0.028410,-0.084660,0.058048,0.027225,0.081410,0.029131,-0.019677,0.088238,-0.077408,0.063645,-0.059090,-0.020054,-0.051836,0.067190,0.060954,0.076121,0.089189,-0.008723,-0.072197,0.058179,-0.048103
-0.057114,-0.038955,-0.029630,-0.011665,-0.051979,0.016464,-0.026114,-0.021597,-0.016702,-0.006870,-0.002599,-0.008870,-0.022828,-0.015924,0.031097,0.015884,-0.035558,-0.045154,0.031962,-0.008739,-0.089510,0.007453,0.017071,-0.023838,-0.018931,0.011609,-0.017268,-0.021994,-0.010706,-0.004902,-0.002757,-0.013718,0.012522,0.003362,-0.004315,0.012213,0.003697,0.010593,0.025088,0.010248,-0.008877,-0.002685,0.013904,0.020590,0.002273,-0.024413,0.000397,-0.005160,-0.002644,-0.003206,0.011471,-0.034123,0.023404,0.010969,0.032818,0.011700,-0.007938,0.035622,-0.031207,0.025627,-0.023803,-0.008080,-0.020930,0.027108,0.024565,0.030712,0.035941,-0.003511,-0.029109,0.023445,-0.019383
0.049988,0.034115,0.025972,0.010210,0.045507,-0.014410,0.022853,0.018894,0.014611,0.005983,0.002360,0.007779,0.019981,0.013909,-0.027232,-0.013876,0.031139,0.039541,-0.027991,0.007642,0.078393,-0.006529,-0.014971,0.020889,0.016580,-0.010213,0.015127,0.019250,0.009354,0.004292,0.002446,0.011984,-0.010955,-0.002936,0.003780,-0.010722,-0.003227,-0.009251,-0.021947,-0.008877,0.007959,0.002352,-0.012223,-0.018032,-0.001900,0.021384,-0.000345,0.004522,0.002318,0.002781,-0.010032,0.029888,-0.020491,-0.009618,-0.028741,-0.010276,0.006944,-0.031179,0.027340,-0.022460,0.020856,0.007078,0.018308,-0.023723,-0.021536,-0.026834,-0.031463,0.003060,0.025493,-0.020505,0.016988
0.015162,0.010329,0.007868,0.003070,0.013777,-0.004357,0.006912,0.005730,0.004432,0.001802,0.000699,0.002400,0.006068,0.004204,-0.008245,-0.004235,0.009436,0.011961,-0.008464,0.002311,0.023712,-0.001975,-0.004507,0.006300,0.005017,-0.003085,0.004628,0.005831,0.002824,0.001310,0.000743,0.003635,-0.003312,-0.000898,0.001176,-0.003232,-0.001014,-0.002803,-0.006658,-0.002685,0.002352,0.000828,-0.003670,-0.005467,-0.000613,0.006475,-0.000082,0.001350,0.000713,0.000869,-0.003059,0.009051,-0.006200,-0.002910,-0.008706,-0.003082,0.002100,-0.009458,0.008261,-0.006762,0.006323,0.002160,0.005546,-0.007199,-0.006518,-0.008139,-0.009513,0.000902,0.007704,-0.006219,0.005157
-0.078554,-0.053608,-0.040783,-0.016019,-0.071499,0.022643,-0.035909,-0.029718,-0.022973,-0.009441,-0.003649,-0.012104,-0.031398,-0.021905,0.042772,0.021845,-0.048900,-0.062108,0.043955,-0.012020,-0.123128,0.010256,0.023494,-0.032776,-0.026031,0.016002,-0.023780,-0.030249,-0.014709,-0.006749,-0.003821,-0.018863,0.017183,0.004636,-0.005949,0.016801,0.005092,0.014562,0.034489,0.013904,-0.012223,-0.003670,0.019411,0.028283,0.003109,-0.033582,0.000539,-0.007100,-0.003666,-0.004416,0.015779,-0.046947,0.032195,0.015100,0.045142,0.016122,-0.010901,0.048952,-0.042911,0.035273,-0.032775,-0.011129,-0.028744,0.037260,0.033810,0.042190,0.049528,-0.004801,-0.040032,0.032227,-0.026676
-0.116281,-0.079341,-0.060379,-0.023718,-0.105860,0.033525,-0.053156,-0.043960,-0.034018,-0.013974,-0.005342,-0.018042,-0.046474,-0.032411,0.063315,0.032340,-0.072390,-0.091944,0.065060,-0.017787,-0.182285,0.015177,0.034795,-0.048532,-0.038533,0.023700,-0.035176,-0.044804,-0.021751,-0.009978,-0.005661,-0.027929,0.025444,0.006857,-0.008761,0.024906,0.007505,0.021542,0.051063,0.020590,-0.018032,-0.005467,0.028283,0.042330,0.004636,-0.049721,0.000786,-0.010510,-0.005386,-0.006493,0.023353,-0.069502,0.047643,0.022340,0.066889,0.023891,-0.016143,0.072419,-0.063546,0.052223,-0.048511,-0.016460,-0.042549,0.055157,0.050037,0.062441,0.073221,-0.007170,-0.059258,0.047717,-0.039484
-0.012832,-0.008741,-0.006643,-0.002625,-0.011690,0.003693,-0.005872,-0.004840,-0.003761,-0.001539,-0.000562,-0.001966,-0.005155,-0.003568,0.006985,0.003575,-0.008019,-0.010136,0.007190,-0.001961,-0.020099,0.001661,0.003821,-0.005326,-0.004270,0.002604,-0.003887,-0.004944,-0.002399,-0.001105,-0.000635,-0.003104,0.002821,0.000756,-0.000977,0.002744,0.000835,0.002369,0.005613,0.002273,-0.001900,-0.000613,0.003109,0.004636,0.000677,-0.005502,0.000075,-0.001130,-0.000568,-0.000723,0.002564,-0.007657,0.005254,0.002463,0.007369,0.002630,-0.001784,0.007994,-0.007002,0.005744,-0.005360,-0.001808,-0.004715,0.006098,0.005502,0.006867,0.008115,-0.000801,-0.006522,0.005277,-0.004362
0.137955,0.094100,0.071642,0.028218,0.125592,-0.039784,0.063069,0.052179,0.040373,0.016565,0.006343,0.021433,0.055248,0.038446,-0.075118,-0.038398,0.085898,0.109080,-0.077191,0.021100,0.216274,-0.017947,-0.041280,0.057559,0.045751,-0.028115,0.041690,0.053145,0.025816,0.011835,0.006703,0.033125,-0.030191,-0.008127,0.010372,-0.029557,-0.008891,-0.025539,-0.060604,-0.024413,0.021384,0.006475,-0.033582,-0.049721,-0.005502,0.059158,-0.000925,0.012460,0.006382,0.007688,-0.027684,0.082438,-0.056547,-0.026514,-0.079269,-0.028326,0.019162,-0.085931,0.075359,-0.061942,0.057555,0.019521,0.050492,-0.065435,-0.059374,-0.074076,-0.086853,0.008554,0.070318,-0.056604,0.046827
-0.002203,-0.001492,-0.001137,-0.000441,-0.002013,0.000628,-0.000986,-0.000832,-0.000653,-0.000287,-0.000109,-0.000363,-0.000851,-0.000617,0.001195,0.000610,-0.001376,-0.001742,0.001234,-0.000351,-0.003428,0.000278,0.000653,-0.000945,-0.000711,0.000438,-0.000681,-0.000851,-0.000414,-0.000194,-0.000108,-0.000514,0.000495,0.000156,-0.000159,0.000475,0.000134,0.000407,0.000955,0.000397,-0.000345,-0.000082,0.000539,0.000786,0.000075,-0.000925,0.000102,-0.000191,-0.000119,-0.000072,0.000418,-0.001310,0.000897,0.000424,0.001254,0.000445,-0.000310,0.001356,-0.001188,0.000966,-0.000904,-0.000293,-0.000836,0.001050,0.000950,0.001179,0.001396,-0.000117,-0.001114,0.000874,-0.000750
0.029172,0.019885,0.015133,0.005942,0.026544,-0.008414,0.013317,0.011026,0.008513,0.003513,0.001351,0.004535,0.011677,0.008123,-0.015877,-0.008130,0.018157,0.023047,-0.016320,0.004472,0.045707,-0.003802,-0.008722,0.012178,0.009672,-0.005970,0.008805,0.011225,0.005452,0.002505,0.001422,0.006978,-0.006368,-0.001709,0.002203,-0.006216,-0.001907,-0.005392,-0.012806,-0.005160,0.004522,0.001350,-0.007100,-0.010510,-0.001130,0.012460,-0.000191,0.002932,0.001355,0.001633,-0.005860,0.017420,-0.011941,-0.005607,-0.016753,-0.005999,0.004054,-0.018141,0.015936,-0.013093,0.012175,0.004116,0.010685,-0.013831,-0.012549,-0.015643,-0.018368,0.001810,0.014847,-0.011968,0.009911
0.014896,0.010183,0.007733,0.003060,0.013605,-0.004298,0.006805,0.005630,0.004375,0.001721,0.000692,0.002351,0.005961,0.004201,-0.008120,-0.004177,0.009268,0.011780,-0.008280,0.002284,0.023389,-0.001957,-0.004465,0.006236,0.004939,-0.003042,0.004487,0.005765,0.002766,0.001274,0.000731,0.003586,-0.003279,-0.000852,0.001180,-0.003175,-0.000928,-0.002765,-0.006567,-0.002644,0.002318,0.000713,-0.003666,-0.005386,-0.000568,0.006382,-0.000119,0.001355,0.001065,0.000822,-0.003013,0.008913,-0.006116,-0.002863,-0.008570,-0.003048,0.002070,-0.009291,0.008153,-0.006696,0.006244,0.002111,0.005453,-0.007068,-0.006445,-0.008050,-0.009425,0.000926,0.007605,-0.006136,0.005059
0.018051,0.012310,0.009358,0.003686,0.016414,-0.005197,0.008238,0.006822,0.005243,0.002208,0.000805,0.002761,0.007215,0.005071,-0.009823,-0.005025,0.011207,0.014263,-0.010079,0.002753,0.028253,-0.002364,-0.005394,0.007515,0.005946,-0.003675,0.005456,0.006953,0.003355,0.001550,0.000865,0.004328,-0.003941,-0.001094,0.001404,-0.003807,-0.001126,-0.003337,-0.007925,-0.003206,0.002781,0.000869,-0.004416,-0.006493,-0.000723,0.007688,-0.000072,0.001633,0.000822,0.001137,-0.003634,0.010780,-0.007396,-0.003458,-0.010374,-0.003706,0.002510,-0.011254,0.009860,-0.008114,0.007532,0.002553,0.006586,-0.008537,-0.007761,-0.009662,-0.011356,0.001109,0.009194,-0.007406,0.006116
-0.064744,-0.044207,-0.033634,-0.013195,-0.058956,0.018664,-0.029580,-0.024508,-0.018953,-0.007777,-0.002998,-0.010047,-0.025891,-0.018015,0.035258,0.018029,-0.040304,-0.051193,0.036201,-0.009885,-0.101498,0.008476,0.019384,-0.027026,-0.021460,0.013205,-0.019586,-0.024955,-0.012135,-0.005557,-0.003135,-0.015556,0.014207,0.003851,-0.004817,0.013934,0.004221,0.011993,0.028410,0.011471,-0.010032,-0.003059,0.015779,0.023353,0.002564,-0.027684,0.000418,-0.005860,-0.003013,-0.003634,0.013242,-0.038693,0.026535,0.012435,0.037205,0.013290,-0.008985,0.040343,-0.035391,0.029094,-0.027009,-0.009155,-0.023694,0.030700,0.027903,0.034733,0.040754,-0.004018,-0.033011,0.026577,-0.021985
0.192754,0.131511,0.100080,0.039334,0.175473,-0.055588,0.088131,0.072878,0.056394,0.023128,0.008877,0.029928,0.077061,0.053705,-0.104898,-0.053611,0.120021,0.152407,-0.107860,0.029488,0.302172,-0.025154,-0.057671,0.080444,0.063888,-0.039285,0.058294,0.074246,0.036072,0.016596,0.009373,0.046291,-0.042183,-0.011370,0.014538,-0.041287,-0.012442,-0.035703,-0.084660,-0.034123,0.029888,0.009051,-0.046947,-0.069502,-0.007657,0.082438,-0.001310,0.017420,0.008913,0.010780,-0.038693,0.115574,-0.079073,-0.037087,-0.110806,-0.039592,0.026753,-0.120036,0.105343,-0.086562,0.080418,0.027289,0.070557,-0.091430,-0.082944,-0.103493,-0.121365,0.011884,0.098280,-0.079097,0.065465
-0.132181,-0.090191,-0.068640,-0.026961,-0.120332,0.038113,-0.060438,-0.049976,-0.038676,-0.015871,-0.006081,-0.020524,-0.052844,-0.036834,0.072051,0.036761,-0.082300,-0.104518,0.073963,-0.020216,-0.207218,0.017245,0.039549,-0.055178,-0.043812,0.026942,-0.039969,-0.050922,-0.024724,-0.011355,-0.006435,-0.031746,0.028920,0.007797,-0.009971,0.028304,0.008529,0.024487,0.058048,0.023404,-0.020491,-0.006200,0.032195,0.047643,0.005254,-0.056547,0.000897,-0.011941,-0.006116,-0.007396,0.026535,-0.079073,0.054542,0.025327,0.075905,0.027148,-0.018363,0.082324,-0.072245,0.059365,-0.055146,-0.018713,-0.048379,0.062701,0.056889,0.070973,0.083227,-0.008157,-0.067299,0.054245,-0.044892
-0.061984,-0.042294,-0.032199,-0.012650,-0.056438,0.017874,-0.028340,-0.023436,-0.018131,-0.007448,-0.002855,-0.009625,-0.024788,-0.017273,0.033803,0.017250,-0.038598,-0.049016,0.034683,-0.009477,-0.097180,0.008093,0.018541,-0.025870,-0.020545,0.012632,-0.018749,-0.023891,-0.011596,-0.005334,-0.003002,-0.014889,0.013557,0.003665,-0.004686,0.013281,0.004006,0.011486,0.027225,0.010969,-0.009618,-0.002910,0.015100,0.022340,0.002463,-0.026514,0.000424,-0.005607,-0.002863,-0.003458,0.012435,-0.037087,0.025327,0.012286,0.035591,0.012728,-0.008552,0.038605,-0.033874,0.027840,-0.025861,-0.008777,-0.022690,0.029409,0.026669,0.033283,0.039035,-0.003819,-0.031553,0.025446,-0.021051
-0.185356,-0.126468,-0.096254,-0.037822,-0.168734,0.053457,-0.084753,-0.070094,-0.054231,-0.022244,-0.008544,-0.028782,-0.074104,-0.051651,0.100962,0.051547,-0.115410,-0.146561,0.103725,-0.028365,-0.290592,0.024191,0.055467,-0.077339,-0.061447,0.037766,-0.056056,-0.071391,-0.034694,-0.015923,-0.009012,-0.044527,0.040574,0.010945,-0.014000,0.039696,0.011972,0.034329,0.081410,0.032818,-0.028741,-0.008706,0.045142,0.066889,0.007369,-0.079269,0.001254,-0.016753,-0.008570,-0.010374,0.037205,-0.110806,0.075905,0.035591,0.106914,0.038069,-0.025745,0.115435,-0.101296,0.083256,-0.077338,-0.026239,-0.067855,0.087922,0.079757,0.099530,0.116713,-0.011417,-0.094433,0.076058,-0.062954
-0.066216,-0.045194,-0.034401,-0.013510,-0.060305,0.019100,-0.030299,-0.025034,-0.019381,-0.007967,-0.003055,-0.010294,-0.026476,-0.018465,0.036072,0.018477,-0.041217,-0.052369,0.037042,-0.010133,-0.103841,0.008666,0.019796,-0.027656,-0.021948,0.013515,-0.020022,-0.025493,-0.012389,-0.005692,-0.003256,-0.015910,0.014482,0.003918,-0.005002,0.014180,0.004277,0.012250,0.029131,0.011700,-0.010276,-0.003082,0.016122,0.023891,0.002630,-0.028326,0.000445,-0.005999,-0.003048,-0.003706,0.013290,-0.039592,0.027148,0.012728,0.038069,0.013751,-0.009216,0.041244,-0.036183,0.029738,-0.027644,-0.009385,-0.024218,0.031409,0.028517,0.035531,0.041701,-0.004115,-0.033765,0.027264,-0.022511
0.044785,0.030552,0.023259,0.009134,0.040756,-0.012915,0.020476,0.016931,0.013109,0.005361,0.002061,0.006957,0.017899,0.012466,-0.024380,-0.012433,0.027884,0.035406,-0.025063,0.006861,0.070206,-0.005846,-0.013394,0.018700,0.014829,-0.009122,0.013543,0.017254,0.008376,0.003848,0.002177,0.010750,-0.009787,-0.002639,0.003378,-0.009589,-0.002891,-0.008296,-0.019677,-0.007938,0.006944,0.002100,-0.010901,-0.016143,-0.001784,0.019162,-0.000310,0.004054,0.002070,0.002510,-0.008985,0.026753,-0.018363,-0.008552,-0.025745,-0.009216,0.006650,-0.027923,0.024475,-0.020111,0.018690,0.006343,0.016396,-0.021240,-0.019280,-0.024042,-0.028193,0.002760,0.022825,-0.018365,0.015213
-0.200860,-0.137087,-0.104304,-0.040974,-0.182875,0.057933,-0.091843,-0.075973,-0.058746,-0.024133,-0.009253,-0.031191,-0.080332,-0.056000,0.109364,0.055959,-0.125112,-0.158843,0.112431,-0.030722,-0.314901,0.026224,0.060113,-0.083840,-0.066597,0.040964,-0.060779,-0.077400,-0.037599,-0.017239,-0.009730,-0.048241,0.043958,0.011883,-0.015161,0.043025,0.012974,0.037191,0.088238,0.035622,-0.031179,-0.009458,0.048952,0.072419,0.007994,-0.085931,0.001356,-0.018141,-0.009291,-0.011254,0.040343,-0.120036,0.082324,0.038605,0.115435,0.041244,-0.027923,0.125321,-0.109815,0.090212,-0.083787,-0.028430,-0.073564,0.095310,0.086426,0.107871,0.126485,-0.012364,-0.102378,0.082447,-0.068211
0.176315,0.120381,0.091574,0.035985,0.160513,-0.050827,0.080600,0.066656,0.051565,0.021181,0.008127,0.027381,0.070434,0.049118,-0.095972,-0.048974,0.109811,0.139382,-0.098646,0.026948,0.276306,-0.023022,-0.052786,0.073556,0.058452,-0.035941,0.053317,0.067918,0.032991,0.015131,0.008564,0.042330,-0.038573,-0.010395,0.013318,-0.037769,-0.011348,-0.032665,-0.077408,-0.031207,0.027340,0.008261,-0.042911,-0.063546,-0.007002,0.075359,-0.001188,0.015936,0.008153,0.009860,-0.035391,0.105343,-0.072245,-0.033874,-0.101296,-0.036183,0.024475,-0.109815,0.096538,-0.079141,0.073516,0.024956,0.064510,-0.083603,-0.075829,-0.094650,-0.110998,0.010879,0.089843,-0.072353,0.059946
