0.096800,-0.022527,0.024448,-0.019468,-0.012654,0.064144,0.019474,-0.027894,0.075540,0.065968,0.026651,-0.007166,0.022173,0.015067,-0.103472,-0.074437,-0.058316,0.004507,-0.041988,-0.031475,-0.022773,0.036822,0.048278,0.030176,-0.005356,0.063312,-0.096737,0.063139,0.073819,-0.023973,-0.044550,0.047125,0.053802,0.034803,0.001886,0.038822,0.029462,0.094916,-0.012304,-0.007070,-0.058056,-0.039378,-0.023545,-0.011787,-0.037313,0.037513,0.007793,0.007440,-0.120243,0.025800,0.069925,0.008394,-0.047496,-0.020850,-0.047674,-0.018813,0.030835,0.000141,-0.054015,0.080571,-0.012472,-0.060453,-0.015820,-0.036388,0.056692,-0.053394,-0.089010,0.000326,-0.023700,-0.021893,0.007324
-0.022527,0.062067,-0.014411,-0.010320,0.111955,-0.102960,-0.005300,0.037063,-0.020208,-0.019251,-0.021342,0.038610,-0.015426,0.020237,-0.009237,0.021964,0.031294,-0.017357,0.066315,-0.008179,-0.108704,0.002203,0.022653,0.029258,-0.015997,-0.021006,0.000822,-0.016920,-0.019816,0.023869,0.043419,-0.015439,-0.035797,0.010741,-0.063684,-0.019776,0.046434,-0.046360,-0.019126,0.006910,-0.009271,0.024721,0.042333,0.042084,0.049199,-0.041843,-0.007187,0.023217,0.069193,0.004695,-0.046274,0.024995,0.035734,-0.015609,0.000598,-0.003433,-0.013005,0.009701,0.049558,-0.053118,-0.007805,0.012674,-0.024704,-0.025093,-0.035781,-0.072867,-0.004482,-0.029590,-0.041619,-0.070648,0.035661
0.024448,-0.014411,0.031251,0.013267,-0.003248,0.017264,-0.000729,0.008658,0.032567,0.054898,0.046013,-0.033422,0.014869,0.044811,0.040659,-0.002295,0.001226,-0.006359,-0.015930,-0.010703,-0.007594,0.022315,0.023822,-0.019642,-0.027476,0.007160,-0.059127,0.045649,0.054044,-0.017845,0.021752,0.038313,0.032902,0.014209,0.004490,0.013663,0.068978,0.055361,-0.003256,0.034856,-0.000912,-0.039610,-0.040967,-0.015025,-0.013395,0.014760,0.015295,-0.006882,-0.025802,0.027786,0.050223,0.034202,0.064018,0.039353,0.019453,-0.021316,0.000441,0.003353,0.007355,0.022157,0.041949,-0.019177,-0.028103,0.027763,0.031490,-0.008928,0.008379,-0.020726,0.058012,-0.013790,0.024499
-0.019468,-0.010320,0.013267,0.070043,0.017540,0.016497,0.044500,-0.005774,-0.036364,0.024885,-0.023542,-0.034772,0.026823,0.021130,0.145571,0.028910,0.026260,-0.014070,0.034031,-0.007110,0.099296,0.008208,0.028079,0.009067,-0.014585,0.049265,0.088661,0.045490,-0.038659,0.066985,0.034603,0.006100,0.002823,-0.053248,0.007635,0.048963,0.050706,0.006382,-0.031362,-0.013316,-0.025421,-0.001481,-0.032577,-0.038784,-0.027382,-0.006364,0.018455,-0.013599,0.011754,0.046184,0.047510,-0.021753,0.058924,-0.007236,0.155198,-0.024007,-0.036684,-0.018772,0.040208,-0.002840,0.043005,0.000686,-0.030010,0.060990,0.002884,0.035730,0.045016,-0.031606,0.007607,0.019555,0.061312
-0.012654,0.111955,-0.003248,0.017540,0.251856,-0.180605,0.028512,0.015766,-0.035216,0.006464,-0.048931,0.035959,0.003541,0.064217,0.024405,0.029536,0.057694,-0.049309,0.176391,-0.038930,-0.185645,0.033568,0.061902,0.061011,-0.041466,0.016155,-0.005718,0.025802,-0.037922,0.055871,0.092730,-0.015786,-0.038603,-0.002060,-0.122367,0.011115,0.159343,-0.043713,-0.085994,0.011830,-0.081577,0.017240,0.068149,0.020345,0.054711,-0.054068,0.012394,0.044336,0.120391,0.051443,-0.022963,0.048717,0.111225,-0.086321,0.077130,-0.026499,-0.045965,0.009747,0.112012,-0.092271,0.005875,-0.005122,-0.081598,-0.004741,-0.042750,-0.174776,0.009216,-0.077820,-0.110734,-0.147052,0.090158
0.064144,-0.102960,0.017264,0.016497,-0.180605,0.201974,0.042068,-0.068261,0.037783,0.024657,0.017314,-0.046975,0.027532,-0.045382,-0.017258,-0.063459,-0.110799,0.038851,-0.091863,0.006613,0.176763,0.018685,0.005915,-0.009830,0.032591,0.073955,0.023063,0.026256,0.004058,-0.019496,-0.106279,0.033904,0.064380,-0.024846,0.114557,0.070899,-0.111286,0.105899,0.027767,-0.051229,-0.000546,-0.033133,-0.081127,-0.049197,-0.088538,0.061843,0.003051,-0.029930,-0.144886,0.003685,0.105679,-0.069295,-0.107667,0.007152,0.017023,-0.017624,0.032286,-0.037403,-0.115525,0.113910,-0.003629,-0.007567,0.038435,-0.020295,0.078306,0.146108,-0.054259,0.045768,0.041404,0.110022,-0.028029
0.019474,-0.005300,-0.000729,0.044500,0.028512,0.042068,0.072700,-0.058979,-0.029010,-0.003759,-0.052590,-0.011157,0.025525,-0.012477,0.038007,-0.017532,-0.051625,-0.001308,0.077122,-0.014588,0.056697,0.032098,0.040839,0.042082,0.009861,0.081880,0.083820,0.022396,-0.076794,0.050231,-0.026676,-0.004156,0.009751,-0.052830,0.018580,0.078804,-0.010866,0.030974,-0.044863,-0.059315,-0.058974,0.004505,-0.011890,-0.034091,-0.038362,0.004092,0.009110,0.004227,-0.007506,0.037640,0.064330,-0.052569,-0.023288,-0.078850,0.115351,-0.032376,-0.019302,-0.036860,-0.010711,0.012314,-0.005070,0.012138,-0.017989,-0.017035,0.021082,0.032228,-0.021758,-0.014138,-0.065897,0.007440,0.044545
-0.027894,0.037063,0.008658,-0.005774,0.015766,-0.068261,-0.058979,0.338557,0.060696,0.082201,0.102598,0.071000,-0.044875,0.109762,0.124305,0.057266,0.074238,0.000692,-0.193691,0.002472,-0.054891,-0.018205,0.174090,0.060397,-0.098736,-0.058598,-0.017641,0.040828,0.142093,0.116091,0.119014,0.103972,-0.037924,0.084165,-0.085377,-0.056795,0.104764,-0.003400,0.110207,0.063911,0.140929,0.032576,-0.100151,0.224225,0.117248,-0.131017,-0.043761,-0.007274,-0.077127,0.039469,-0.048960,0.082181,0.092262,0.333256,0.025768,-0.051327,0.035237,0.026941,0.049886,0.055980,0.093086,0.003970,-0.051607,-0.066835,-0.019077,0.031622,-0.103084,-0.089366,0.226336,-0.074692,0.211583
0.075540,-0.020208,0.032567,-0.036364,-0.035216,0.037783,-0.029010,0.060696,0.099033,0.085218,0.083221,-0.001761,0.002599,0.048001,-0.073625,-0.046788,-0.020785,0.006143,-0.112517,-0.019480,-0.054362,0.020899,0.054872,0.004083,-0.032262,0.003748,-0.144359,0.058424,0.137956,-0.037508,-0.004608,0.071944,0.047388,0.073074,-0.011067,-0.009271,0.057994,0.087069,0.033278,0.043342,0.009555,-0.044597,-0.048698,0.039000,0.000211,0.015118,-0.001273,-0.000752,-0.120091,0.015812,0.039425,0.054566,0.002789,0.092542,-0.089694,-0.016720,0.044073,0.020849,-0.037576,0.081072,0.020923,-0.056348,-0.018144,-0.029505,0.048652,-0.044050,-0.079934,-0.010411,0.075955,-0.032562,0.023033
0.065968,-0.019251,0.054898,0.024885,0.006464,0.024657,-0.003759,0.082201,0.085218,0.139923,0.079152,-0.034093,0.029777,0.093831,0.061263,-0.018076,0.039553,-0.018223,-0.102933,-0.036407,0.010948,0.025379,0.089951,0.013552,-0.062868,0.043780,-0.104089,0.128431,0.149105,0.026105,0.056190,0.091563,0.053224,0.044488,-0.033456,0.019907,0.162025,0.093604,0.001018,0.057778,-0.022992,-0.054771,-0.076068,0.007858,-0.015957,0.007030,0.021035,-0.011584,-0.121772,0.068363,0.075972,0.064392,0.088734,0.105434,0.040426,-0.035112,0.009723,0.021127,0.022689,0.081110,0.072804,-0.086107,-0.062087,0.049821,0.047044,-0.064965,-0.035591,-0.053556,0.092112,-0.039314,0.090937
0.026651,-0.021342,0.046013,-0.023542,-0.048931,0.017314,-0.052590,0.102598,0.083221,0.079152,0.131982,-0.026737,-0.010433,0.083399,0.032550,0.006761,-0.008743,0.007502,-0.098943,0.003022,-0.076360,0.025344,0.047991,-0.050920,-0.058417,-0.059554,-0.150787,0.032390,0.137018,-0.063282,0.039221,0.083364,0.043722,0.073337,0.009135,-0.028779,0.078754,0.088119,0.060449,0.089263,0.087431,-0.060776,-0.088736,0.056953,0.026197,-0.002972,0.000108,-0.012591,-0.047776,0.014283,0.042231,0.089738,0.103734,0.180740,-0.061855,-0.034871,0.034459,0.017873,-0.010032,0.044396,0.077040,-0.001551,-0.028717,-0.009776,0.049758,0.024492,-0.018924,-0.027937,0.191601,-0.032176,0.041398
-0.007166,0.038610,-0.033422,-0.034772,0.035959,-0.046975,-0.011157,0.071000,-0.001761,-0.034093,-0.026737,0.070785,-0.028724,-0.019637,-0.074451,-0.006319,-0.000923,0.006251,-0.021737,0.001076,-0.056776,-0.017312,0.034475,0.057279,0.004972,-0.011543,0.026080,-0.035156,-0.010879,0.040860,-0.005552,-0.010791,-0.041324,0.023040,-0.044087,-0.026009,-0.041998,-0.048461,0.023182,-0.027585,0.014629,0.049919,0.033447,0.085121,0.049038,-0.048483,-0.030772,0.018154,-0.007897,-0.018645,-0.065861,-0.010241,-0.068505,0.019265,-0.049175,0.007164,0.018688,0.005919,-0.006420,-0.001605,-0.040391,0.009390,0.011902,-0.079499,-0.033284,-0.023519,-0.073344,-0.001790,-0.038653,-0.032616,0.028489
0.022173,-0.015426,0.014869,0.026823,0.003541,0.027532,0.025525,-0.044875,0.002599,0.029777,-0.010433,-0.028724,0.025189,0.006247,0.024506,-0.012916,0.003068,-0.008732,0.014135,-0.014395,0.047060,0.011264,0.001687,0.002204,0.000355,0.044244,0.004244,0.042643,0.002238,0.009650,-0.002272,0.005961,0.021882,-0.019390,0.007174,0.032202,0.034419,0.026790,-0.030979,-0.006342,-0.047152,-0.018191,-0.007564,-0.051071,-0.036562,0.025414,0.018265,-0.004738,-0.024624,0.024363,0.042220,-0.009356,0.010595,-0.043388,0.048691,-0.004822,-0.013068,-0.004710,0.004715,0.015778,0.008333,-0.029420,-0.013904,0.040304,0.016506,-0.018249,0.014493,-0.004818,-0.027027,0.010210,0.002017
0.015067,0.020237,0.044811,0.021130,0.064217,-0.045382,-0.012477,0.109762,0.048001,0.093831,0.083399,-0.019637,0.006247,0.110434,0.106083,0.027093,0.034482,-0.020329,-0.021185,-0.020055,-0.081128,0.035831,0.092864,-0.003024,-0.077093,-0.012317,-0.087762,0.072020,0.097939,0.014896,0.089567,0.075855,0.023455,0.041257,-0.044588,0.003539,0.162101,0.062879,0.006564,0.072954,0.027294,-0.042573,-0.069029,0.048132,0.031949,-0.031700,0.011829,-0.000532,-0.010462,0.059852,0.049004,0.085499,0.153270,0.130149,0.054461,-0.052460,-0.002823,0.012922,0.054680,0.013836,0.089623,-0.015206,-0.073711,0.017433,0.026854,-0.037792,-0.005857,-0.073747,0.125430,-0.077726,0.113915
-0.103472,-0.009237,0.040659,0.145571,0.024405,-0.017258,0.038007,0.124305,-0.073625,0.061263,0.032550,-0.074451,0.024506,0.106083,0.427325,0.132646,0.097091,-0.027633,0.024952,0.012301,0.154459,0.008527,0.082298,-0.029679,-0.080970,0.004581,0.158481,0.068892,-0.034765,0.131092,0.150490,0.046422,-0.012599,-0.079044,0.009194,0.048950,0.150551,0.000865,-0.002049,0.045225,0.072216,-0.009127,-0.124567,0.000774,0.008551,-0.065947,0.026035,-0.041525,0.085556,0.093384,0.070122,0.020356,0.248542,0.167261,0.329030,-0.071612,-0.073766,-0.027121,0.126975,-0.036213,0.165983,0.056802,-0.080135,0.131921,-0.005713,0.141385,0.135157,-0.100934,0.195441,0.019929,0.185280
-0.074437,0.021964,-0.002295,0.028910,0.029536,-0.063459,-0.017532,0.057266,-0.046788,-0.018076,0.006761,-0.006319,-0.012916,0.027093,0.132646,0.071808,0.061999,-0.011605,0.027069,0.018442,0.002096,-0.017487,-0.008126,-0.027816,-0.022792,-0.052180,0.053246,-0.021894,-0.027252,0.027211,0.069000,-0.011488,-0.033675,-0.018353,-0.013996,-0.026907,0.035793,-0.053647,0.010046,0.031213,0.054636,0.015352,-0.008096,0.019577,0.036953,-0.039184,0.000154,-0.008408,0.093486,0.002702,-0.034905,0.021188,0.096546,0.061089,0.068404,-0.003532,-0.028853,0.003370,0.065068,-0.059903,0.045082,0.042499,-0.013932,0.044054,-0.035516,0.034084,0.076644,-0.026670,0.064873,-0.004631,0.034637
-0.058316,0.031294,0.001226,0.026260,0.057694,-0.110799,-0.051625,0.074238,-0.020785,0.039553,-0.008743,-0.000923,0.003068,0.034482,0.097091,0.061999,0.188476,-0.040875,-0.058990,-0.007247,0.042575,-0.066706,-0.039926,-0.009861,-0.024484,-0.034174,0.013709,0.050403,0.064372,0.060675,0.110805,-0.017489,-0.040145,0.004935,-0.084185,-0.073883,0.126978,-0.105345,-0.013138,0.059985,-0.015061,0.022922,0.045451,-0.016832,0.028203,-0.021704,0.015176,-0.011276,0.029966,0.006300,-0.090331,0.045436,0.087543,0.030991,0.030513,0.052815,-0.038308,0.055083,0.115761,-0.045180,0.027706,-0.074594,-0.017813,0.146348,-0.075185,-0.122206,0.100070,-0.024104,-0.005145,-0.010815,0.004327
0.004507,-0.017357,-0.006359,-0.014070,-0.049309,0.038851,-0.001308,0.000692,0.006143,-0.018223,0.007502,0.006251,-0.008732,-0.020329,-0.027633,-0.011605,-0.040875,0.017459,-0.023283,0.011293,0.013019,0.000943,-0.001108,-0.003507,0.011765,-0.006560,0.005337,-0.025244,-0.009022,-0.015192,-0.033406,0.002274,0.003759,0.003327,0.029602,0.002273,-0.059828,0.013123,0.024708,-0.014451,0.027491,0.002842,-0.014529,0.017129,-0.002100,0.002165,-0.011160,-0.003365,-0.018983,-0.016042,0.003913,-0.016479,-0.041263,0.019520,-0.027960,-0.002813,0.017244,-0.010090,-0.038482,0.018490,-0.010531,0.021551,0.020761,-0.037858,0.012234,0.053953,-0.026043,0.017603,0.021091,0.022919,-0.012523
-0.041988,0.066315,-0.015930,0.034031,0.176391,-0.091863,0.077122,-0.193691,-0.112517,-0.102933,-0.098943,-0.021737,0.014135,-0.021185,0.024952,0.027069,-0.058990,-0.023283,0.333384,-0.003930,-0.123659,0.058692,-0.050698,-0.014033,0.026891,0.015626,0.073330,-0.070365,-0.205794,-0.035746,-0.004585,-0.086556,-0.021227,-0.085599,0.002975,0.064728,-0.000443,-0.029966,-0.117407,-0.043847,-0.082244,0.000559,0.081647,-0.096046,-0.010946,0.011260,0.026221,0.036578,0.231610,0.010232,0.029616,-0.029808,0.067753,-0.239426,0.104478,-0.023991,-0.066783,-0.044801,0.049652,-0.147350,-0.027804,0.094847,-0.029114,-0.009415,-0.014933,-0.028550,0.094705,-0.013413,-0.162492,-0.057277,-0.032985
-0.031475,-0.008179,-0.010703,-0.007110,-0.038930,0.006613,-0.014588,0.002472,-0.019480,-0.036407,0.003022,0.001076,-0.014395,-0.020055,0.012301,0.018442,-0.007247,0.011293,-0.003930,0.021469,0.013783,-0.013496,-0.030233,-0.025296,0.011582,-0.035816,0.024263,-0.043240,-0.026284,-0.017315,-0.009227,-0.016101,-0.012690,-0.006676,0.025423,-0.018193,-0.053719,-0.022501,0.023836,-0.000074,0.044192,0.009989,-0.001290,0.008969,0.009742,-0.004650,-0.008745,-0.006572,0.032831,-0.025664,-0.022652,-0.009475,-0.007759,0.021472,-0.016792,0.008786,0.002442,-0.004453,-0.009957,-0.017880,-0.002128,0.036240,0.023688,-0.006907,-0.009611,0.056638,0.022683,0.017409,0.030154,0.027652,-0.025782
-0.022773,-0.108704,-0.007594,0.099296,-0.185645,0.176763,0.056697,-0.054891,-0.054362,0.010948,-0.076360,-0.056776,0.047060,-0.081128,0.154459,0.002096,0.042575,0.013019,-0.123659,0.013783,0.406721,-0.061860,-0.045019,0.008611,0.052542,0.108847,0.224666,0.057925,-0.058320,0.117224,-0.047214,-0.022835,0.008303,-0.108539,0.090624,0.059755,-0.096695,-0.025683,0.000037,-0.081508,-0.037323,0.030563,-0.043419,-0.109055,-0.109671,0.042933,0.015476,-0.057821,-0.121280,0.013073,0.038645,-0.130517,-0.106339,-0.031431,0.179089,0.034167,-0.028934,-0.026261,-0.027295,0.079934,0.001168,-0.047983,0.052759,0.132679,-0.003175,0.148162,0.057749,0.045223,-0.024256,0.192039,-0.019032
0.036822,0.002203,0.022315,0.008208,0.033568,0.018685,0.032098,-0.018205,0.020899,0.025379,0.025344,-0.017312,0.011264,0.035831,0.008527,-0.017487,-0.066706,0.000943,0.058692,-0.013496,-0.061860,0.054619,0.054344,0.005241,-0.021688,0.025950,-0.041663,0.019287,-0.001769,-0.019791,-0.006432,0.033347,0.031583,0.003689,0.011926,0.048628,0.035967,0.076555,-0.017452,0.001346,-0.011320,-0.034232,-0.038469,0.002157,-0.009013,0.004250,0.007941,0.009249,-0.000459,0.033639,0.074244,0.015509,0.041826,-0.000406,0.033446,-0.048628,0.003496,-0.021600,-0.015110,0.013171,0.025234,0.020876,-0.035028,-0.042681,0.045863,0.012708,-0.032639,-0.026971,0.023878,-0.039452,0.045865
0.048278,0.022653,0.023822,0.028079,0.061902,0.005915,0.040839,0.174090,0.054872,0.089951,0.047991,0.034475,0.001687,0.092864,0.082298,-0.008126,-0.039926,-0.001108,-0.050698,-0.030233,-0.045019,0.054344,0.203536,0.095117,-0.075990,0.060619,-0.000459,0.078937,0.061354,0.107616,0.047787,0.101521,0.012481,0.031926,-0.047231,0.060826,0.100702,0.090009,0.024024,-0.004926,0.020551,-0.001827,-0.101624,0.130789,0.038476,-0.077654,-0.017046,0.008861,-0.097015,0.085820,0.075094,0.028653,0.053093,0.157877,0.111747,-0.093729,0.020178,-0.020328,0.005584,0.079216,0.067663,0.000808,-0.077718,-0.097868,0.042825,0.023426,-0.140101,-0.091519,0.100708,-0.083549,0.215002
0.030176,0.029258,-0.019642,0.009067,0.061011,-0.009830,0.042082,0.060397,0.004083,0.013552,-0.050920,0.057279,0.002204,-0.003024,-0.029679,-0.027816,-0.009861,-0.003507,-0.014033,-0.025296,0.008611,0.005241,0.095117,0.105037,-0.005641,0.073886,0.066449,0.033423,-0.014198,0.104556,-0.004761,0.013305,-0.021534,-0.003260,-0.051295,0.036557,0.006485,-0.006771,-0.012434,-0.058544,-0.048864,0.043774,0.007719,0.061454,0.013342,-0.044883,-0.017559,0.016875,-0.068767,0.033069,-0.003102,-0.034321,-0.071039,-0.010974,0.053782,-0.020557,0.006086,-0.009960,-0.002175,0.040216,-0.026962,-0.025991,-0.020030,-0.066381,-0.010476,-0.036388,-0.105405,-0.029055,-0.075098,-0.036176,0.093340
-0.005356,-0.015997,-0.027476,-0.014585,-0.041466,0.032591,0.009861,-0.098736,-0.032262,-0.062868,-0.058417,0.004972,0.000355,-0.077093,-0.080970,-0.022792,-0.024484,0.011765,0.026891,0.011582,0.052542,-0.021688,-0.075990,-0.005641,0.056262,0.010979,0.048652,-0.046389,-0.067334,-0.023122,-0.065034,-0.055796,-0.009986,-0.030186,0.033587,-0.000297,-0.106017,-0.038646,-0.013919,-0.047426,-0.030566,0.021650,0.053306,-0.051658,-0.030419,0.033490,-0.002604,0.000916,0.011595,-0.041552,-0.027550,-0.057083,-0.101915,-0.110347,-0.042446,0.039361,-0.000772,-0.007854,-0.037509,-0.013225,-0.064038,0.004979,0.050423,-0.001287,-0.015135,0.014176,0.014416,0.054565,-0.097822,0.053926,-0.093343
0.063312,-0.021006,0.007160,0.049265,0.016155,0.073955,0.081880,-0.058598,0.003748,0.043780,-0.059554,-0.011543,0.044244,-0.012317,0.004581,-0.052180,-0.034174,-0.006560,0.015626,-0.035816,0.108847,0.025950,0.060619,0.073886,0.010979,0.133649,0.068804,0.080258,-0.027378,0.079035,-0.036823,0.014078,0.027510,-0.044435,0.003066,0.092046,0.017904,0.050961,-0.055819,-0.069734,-0.109721,0.000155,-0.012896,-0.051027,-0.065610,0.021602,0.015550,0.001142,-0.098348,0.055556,0.080728,-0.060823,-0.064286,-0.094431,0.114787,-0.023522,-0.011768,-0.026205,-0.020810,0.064638,-0.016001,-0.054049,-0.022526,0.004339,0.030949,-0.018660,-0.058341,-0.013049,-0.102481,0.014680,0.052013
-0.096737,0.000822,-0.059127,0.088661,-0.005718,0.023063,0.083820,-0.017641,-0.144359,-0.104089,-0.150787,0.026080,0.004244,-0.087762,0.158481,0.053246,0.013709,0.005337,0.073330,0.024263,0.224666,-0.041663,-0.000459,0.066449,0.048652,0.068804,0.326602,-0.049003,-0.213303,0.166215,-0.014672,-0.078749,-0.075956,-0.132523,0.028021,0.059351,-0.129065,-0.116356,-0.023944,-0.125017,-0.014954,0.101884,0.022654,-0.011880,-0.016649,-0.052895,-0.015390,-0.012950,0.065192,0.005258,-0.034279,-0.141355,-0.084212,-0.080494,0.225830,0.003587,-0.054298,-0.052811,0.024938,-0.040896,-0.029092,0.069185,0.031182,0.010752,-0.063836,0.144318,0.037454,0.004716,-0.102494,0.092876,0.053104
0.063139,-0.016920,0.045649,0.045490,0.025802,0.026256,0.022396,0.040828,0.058424,0.128431,0.032390,-0.035156,0.042643,0.072020,0.068892,-0.021894,0.050403,-0.025244,-0.070365,-0.043240,0.057925,0.019287,0.078937,0.033423,-0.046389,0.080258,-0.049003,0.137544,0.107983,0.057659,0.048255,0.068321,0.045145,0.013108,-0.037466,0.040299,0.155132,0.072020,-0.029336,0.027588,-0.067977,-0.039820,-0.051707,-0.026505,-0.036122,0.013783,0.027638,-0.010091,-0.116954,0.075297,0.076020,0.032744,0.063040,0.037155,0.085581,-0.025934,-0.007689,0.014669,0.032488,0.073107,0.054088,-0.098669,-0.060092,0.071724,0.034593,-0.080811,-0.023291,-0.049544,0.023076,-0.025741,0.085040
0.073819,-0.019816,0.054044,-0.038659,-0.037922,0.004058,-0.076794,0.142093,0.137956,0.149105,0.137018,-0.010879,0.002238,0.097939,-0.034765,-0.027252,0.064372,-0.009022,-0.205794,-0.026284,-0.058320,-0.001769,0.061354,-0.014198,-0.067334,-0.027378,-0.213303,0.107983,0.244422,-0.033404,0.057176,0.105354,0.052573,0.113807,-0.049655,-0.056025,0.152525,0.082146,0.054693,0.107353,0.030314,-0.061038,-0.065556,0.055775,0.019151,0.008728,0.005491,-0.011807,-0.155442,0.025954,0.016961,0.113036,0.070474,0.184538,-0.114807,-0.003318,0.047128,0.058139,0.004095,0.096002,0.060978,-0.109456,-0.036877,0.033934,0.038467,-0.103476,-0.057038,-0.030427,0.148365,-0.049320,0.040972
-0.023973,0.023869,-0.017845,0.066985,0.055871,-0.019496,0.050231,0.116091,-0.037508,0.026105,-0.063282,0.040860,0.009650,0.014896,0.131092,0.027211,0.060675,-0.015192,-0.035746,-0.017315,0.117224,-0.019791,0.107616,0.104556,-0.023122,0.079035,0.166215,0.057659,-0.033404,0.182068,0.052382,0.013505,-0.043728,-0.042198,-0.056172,0.040042,0.043715,-0.046321,-0.009523,-0.053921,-0.027766,0.063471,-0.019485,0.059208,0.015870,-0.073924,-0.011848,-0.003494,-0.048084,0.057313,-0.010481,-0.045256,-0.010586,0.043172,0.179007,-0.024384,-0.025679,-0.012352,0.052966,0.026988,0.019307,-0.021029,-0.033893,0.004654,-0.036744,0.010149,-0.046351,-0.055469,-0.028345,-0.005343,0.150035
-0.044550,0.043419,0.021752,0.034603,0.092730,-0.106279,-0.026676,0.119014,-0.004608,0.056190,0.039221,-0.005552,-0.002272,0.089567,0.150490,0.069000,0.110805,-0.033406,-0.004585,-0.009227,-0.047214,-0.006432,0.047787,-0.004761,-0.065034,-0.036823,-0.014672,0.048255,0.057176,0.052382,0.124159,0.030751,-0.021138,0.016128,-0.071837,-0.031258,0.158459,-0.028394,-0.002408,0.070534,0.027783,-0.003642,-0.021565,0.039361,0.051001,-0.051873,0.010233,-0.002637,0.053155,0.042254,-0.021230,0.073265,0.161019,0.104691,0.080610,-0.017990,-0.029853,0.026090,0.105863,-0.039705,0.077693,-0.012761,-0.060715,0.068723,-0.030259,-0.059159,0.055966,-0.069488,0.084922,-0.063950,0.095603
0.047125,-0.015439,0.038313,0.006100,-0.015786,0.033904,-0.004156,0.103972,0.071944,0.091563,0.083364,-0.010791,0.005961,0.075855,0.046422,-0.011488,-0.017489,0.002274,-0.086556,-0.016101,-0.022835,0.033347,0.101521,0.013305,-0.055796,0.014078,-0.078749,0.068321,0.105354,0.013505,0.030751,0.086464,0.038555,0.045691,-0.008083,0.018959,0.085514,0.092035,0.033127,0.039437,0.032875,-0.038556,-0.088761,0.058937,0.009287,-0.017112,-0.000431,-0.007308,-0.091509,0.047143,0.065673,0.049909,0.062207,0.140067,0.019795,-0.050871,0.025144,0.001994,-0.009068,0.071533,0.064447,-0.021904,-0.044414,-0.025289,0.049975,0.014314,-0.065302,-0.045657,0.125903,-0.035960,0.098737
0.053802,-0.035797,0.032902,0.002823,-0.038603,0.064380,0.009751,-0.037924,0.047388,0.053224,0.043722,-0.041324,0.021882,0.023455,-0.012599,-0.033675,-0.040145,0.003759,-0.021227,-0.012690,0.008303,0.031583,0.012481,-0.021534,-0.009986,0.027510,-0.075956,0.045145,0.052573,-0.043728,-0.021138,0.038555,0.052875,0.013781,0.031382,0.030424,0.031739,0.084716,-0.005776,0.017717,-0.018274,-0.051238,-0.042679,-0.037742,-0.039540,0.041990,0.016925,-0.007308,-0.060277,0.020691,0.074508,0.016443,0.017403,0.005404,-0.009343,-0.019286,0.012765,-0.004253,-0.032185,0.047252,0.022119,-0.026372,-0.013554,0.011176,0.053477,0.002830,-0.013501,0.000573,0.036235,0.005615,-0.007134
0.034803,0.010741,0.014209,-0.053248,-0.002060,-0.024846,-0.052830,0.084165,0.073074,0.044488,0.073337,0.023040,-0.019390,0.041257,-0.079044,-0.018353,0.004935,0.003327,-0.085599,-0.006676,-0.108539,0.003689,0.031926,-0.003260,-0.030186,-0.044435,-0.132523,0.013108,0.113807,-0.042198,0.016128,0.045691,0.013781,0.078531,-0.033132,-0.046800,0.044317,0.031906,0.042134,0.052991,0.038502,-0.020881,-0.015836,0.067586,0.038607,-0.010327,-0.012089,0.007290,-0.052816,-0.008040,-0.018138,0.065692,0.015338,0.098123,-0.118677,-0.002117,0.038688,0.029779,-0.012711,0.032343,0.010396,-0.028028,-0.009557,-0.040001,0.013612,-0.055476,-0.057457,-0.009302,0.070846,-0.050590,0.010537
0.001886,-0.063684,0.004490,0.007635,-0.122367,0.114557,0.018580,-0.085377,-0.011067,-0.033456,0.009135,-0.044087,0.007174,-0.044588,0.009194,-0.013996,-0.084185,0.029602,0.002975,0.025423,0.090624,0.011926,-0.047231,-0.051295,0.033587,0.003066,0.028021,-0.037466,-0.049655,-0.056172,-0.071837,-0.008083,0.031382,-0.033132,0.101786,0.033036,-0.110359,0.046262,0.018474,-0.025246,0.031943,-0.023189,-0.039800,-0.051186,-0.050367,0.045382,0.003215,-0.020254,-0.007327,-0.022566,0.054601,-0.045768,-0.042589,-0.015734,0.002693,-0.005514,0.009530,-0.032421,-0.070073,0.021627,-0.001675,0.047294,0.040104,-0.007929,0.041692,0.137208,0.022070,0.044481,0.039834,0.084462,-0.061528
0.038822,-0.019776,0.013663,0.048963,0.011115,0.070899,0.078804,-0.056795,-0.009271,0.019907,-0.028779,-0.026009,0.032202,0.003539,0.048950,-0.026907,-0.073883,0.002273,0.064728,-0.018193,0.059755,0.048628,0.060826,0.036557,-0.000297,0.092046,0.059351,0.040299,-0.056025,0.040042,-0.031258,0.018959,0.030424,-0.046800,0.033036,0.095091,0.002517,0.071096,-0.040397,-0.052205,-0.054529,-0.015353,-0.041678,-0.035481,-0.049137,0.012326,0.013092,0.000330,-0.033162,0.050675,0.099809,-0.044854,-0.008953,-0.055426,0.123710,-0.049257,-0.012578,-0.042460,-0.024361,0.035148,0.012489,0.010498,-0.027511,-0.022464,0.045972,0.050131,-0.034602,-0.020610,-0.032346,0.007385,0.059668
0.029462,0.046434,0.068978,0.050706,0.159343,-0.111286,-0.010866,0.104764,0.057994,0.162025,0.078754,-0.041998,0.034419,0.162101,0.150551,0.035793,0.126978,-0.059828,-0.000443,-0.053719,-0.096695,0.035967,0.100702,0.006485,-0.106017,0.017904,-0.129065,0.155132,0.152525,0.043715,0.158459,0.085514,0.031739,0.044317,-0.110359,0.002517,0.313092,0.056143,-0.049595,0.111085,-0.049487,-0.062219,-0.045182,-0.001200,0.022355,-0.021729,0.041843,0.004008,-0.010075,0.102676,0.056461,0.127978,0.238073,0.089357,0.104208,-0.044658,-0.034363,0.041241,0.131133,-0.001231,0.114851,-0.091676,-0.122879,0.112987,0.012759,-0.177158,0.039510,-0.111245,0.080172,-0.126001,0.138480
0.094916,-0.046360,0.055361,0.006382,-0.043713,0.105899,0.030974,-0.003400,0.087069,0.093604,0.088119,-0.048461,0.026790,0.062879,0.000865,-0.053647,-0.105345,0.013123,-0.029966,-0.022501,-0.025683,0.076555,0.090009,-0.006771,-0.038646,0.050961,-0.116356,0.072020,0.082146,-0.046321,-0.028394,0.092035,0.084716,0.031906,0.046262,0.071096,0.056143,0.168376,0.007261,0.020784,-0.001957,-0.079775,-0.106005,-0.001199,-0.041148,0.034075,0.014650,-0.005508,-0.106884,0.053774,0.144450,0.032172,0.041701,0.067311,0.014543,-0.070648,0.031576,-0.022867,-0.061527,0.092550,0.055384,-0.011862,-0.042668,-0.045571,0.103268,0.042727,-0.075771,-0.027120,0.103026,-0.021453,0.060556
-0.012304,-0.019126,-0.003256,-0.031362,-0.085994,0.027767,-0.044863,0.110207,0.033278,0.001018,0.060449,0.023182,-0.030979,0.006564,-0.002049,0.010046,-0.013138,0.024708,-0.117407,0.023836,0.000037,-0.017452,0.024024,-0.012434,-0.013919,-0.055819,-0.023944,-0.029336,0.054693,-0.009523,-0.002408,0.033127,-0.005776,0.042134,0.018474,-0.040397,-0.049595,0.007261,0.081356,0.022273,0.101035,0.007544,-0.048547,0.087640,0.037303,-0.029535,-0.027765,-0.012631,-0.043966,-0.024752,-0.026958,0.017790,-0.016289,0.150023,-0.065159,-0.004823,0.037767,0.006415,-0.034325,0.036770,0.018689,0.026332,0.022580,-0.050830,0.005626,0.081511,-0.043509,0.006901,0.124440,0.018805,0.019842
-0.007070,0.006910,0.034856,-0.013316,0.011830,-0.051229,-0.059315,0.063911,0.043342,0.057778,0.089263,-0.027585,-0.006342,0.072954,0.045225,0.031213,0.059985,-0.014451,-0.043847,-0.000074,-0.081508,0.001346,-0.004926,-0.058544,-0.047426,-0.069734,-0.125017,0.027588,0.107353,-0.053921,0.070534,0.039437,0.017717,0.052991,-0.025246,-0.052205,0.111085,0.020784,0.022273,0.095659,0.048478,-0.044425,-0.028106,0.013467,0.029839,0.000411,0.012237,-0.006925,0.019547,0.006106,-0.004660,0.091561,0.127435,0.104590,-0.048727,-0.001914,0.003255,0.034333,0.044115,-0.013743,0.060984,-0.018791,-0.029433,0.053586,0.006225,-0.048636,0.048967,-0.025729,0.117245,-0.040691,0.005070
-0.058056,-0.009271,-0.000912,-0.025421,-0.081577,-0.000546,-0.058974,0.140929,0.009555,-0.022992,0.087431,0.014629,-0.047152,0.027294,0.072216,0.054636,-0.015061,0.027491,-0.082244,0.044192,-0.037323,-0.011320,0.020551,-0.048864,-0.030566,-0.109721,-0.014954,-0.067977,0.030314,-0.027766,0.027783,0.032875,-0.018274,0.038502,0.031943,-0.054529,-0.049487,-0.001957,0.101035,0.048478,0.165306,0.004328,-0.070653,0.112460,0.066819,-0.052837,-0.031704,-0.016294,0.033736,-0.030592,-0.033322,0.039291,0.055142,0.207999,-0.043755,-0.021694,0.029348,-0.001090,-0.013553,-0.005055,0.053978,0.086370,0.016245,-0.056033,0.000664,0.140835,-0.001572,-0.006987,0.201707,0.011399,0.036618
-0.039378,0.024721,-0.039610,-0.001481,0.017240,-0.033133,0.004505,0.032576,-0.044597,-0.054771,-0.060776,0.049919,-0.018191,-0.042573,-0.009127,0.015352,0.022922,0.002842,0.000559,0.009989,0.030563,-0.034232,-0.001827,0.043774,0.021650,0.000155,0.101884,-0.039820,-0.061038,0.063471,-0.003642,-0.038556,-0.051238,-0.020881,-0.023189,-0.015353,-0.062219,-0.079775,0.007544,-0.044425,0.004328,0.061327,0.041018,0.039360,0.026538,-0.039374,-0.021713,0.006156,0.021625,-0.020003,-0.068136,-0.042268,-0.066372,-0.018478,0.014806,0.020207,-0.005930,-0.002624,0.010053,-0.021852,-0.038603,0.017290,0.023405,-0.027528,-0.048853,0.010822,-0.016755,0.008193,-0.060069,0.011627,0.010213
-0.023545,0.042333,-0.040967,-0.032577,0.068149,-0.081127,-0.011890,-0.100151,-0.048698,-0.076068,-0.088736,0.033447,-0.007564,-0.069029,-0.124567,-0.008096,0.045451,-0.014529,0.081647,-0.001290,-0.043419,-0.038469,-0.101624,0.007719,0.053306,-0.012896,0.022654,-0.051707,-0.065556,-0.019485,-0.021565,-0.088761,-0.042679,-0.015836,-0.039800,-0.041678,-0.045182,-0.106005,-0.048547,-0.028106,-0.070653,0.041018,0.129206,-0.052498,0.003855,0.018632,0.000929,0.022456,0.076292,-0.049748,-0.094849,-0.026471,-0.075774,-0.171434,-0.079642,0.068325,-0.019139,0.021042,0.022450,-0.073791,-0.089085,-0.021211,0.036581,0.023061,-0.063771,-0.116168,0.042172,0.043305,-0.180540,-0.006063,-0.111559
-0.011787,0.042084,-0.015025,-0.038784,0.020345,-0.049197,-0.034091,0.224225,0.039000,0.007858,0.056953,0.085121,-0.051071,0.048132,0.000774,0.019577,-0.016832,0.017129,-0.096046,0.008969,-0.109055,0.002157,0.130789,0.061454,-0.051658,-0.051027,-0.011880,-0.026505,0.055775,0.059208,0.039361,0.058937,-0.037742,0.067586,-0.051186,-0.035481,-0.001200,-0.001199,0.087640,0.013467,0.112460,0.039360,-0.052498,0.196598,0.101077,-0.104079,-0.050428,0.012091,-0.035328,0.004755,-0.046710,0.039752,0.004342,0.209253,-0.035833,-0.044341,0.044105,0.003464,-0.005718,0.031547,0.027067,0.045625,-0.018932,-0.138368,-0.009754,0.045803,-0.126835,-0.048187,0.127720,-0.069522,0.137345
-0.037313,0.049199,-0.013395,-0.027382,0.054711,-0.088538,-0.038362,0.117248,0.000211,-0.015957,0.026197,0.049038,-0.036562,0.031949,0.008551,0.036953,0.028203,-0.002100,-0.010946,0.009742,-0.109671,-0.009013,0.038476,0.013342,-0.030419,-0.065610,-0.016649,-0.036122,0.019151,0.015870,0.051001,0.009287,-0.039540,0.038607,-0.050367,-0.049137,0.022355,-0.041148,0.037303,0.029839,0.066819,0.026538,0.003855,0.101077,0.076954,-0.063738,-0.024250,0.012711,0.048979,-0.009900,-0.062808,0.043227,0.042950,0.097091,-0.035285,-0.009202,0.009525,0.014504,0.033490,-0.033446,0.014568,0.034867,-0.013108,-0.051523,-0.032092,-0.012521,-0.022751,-0.029133,0.057798,-0.058804,0.053324
0.037513,-0.041843,0.014760,-0.006364,-0.054068,0.061843,0.004092,-0.131017,0.015118,0.007030,-0.002972,-0.048483,0.025414,-0.031700,-0.065947,-0.039184,-0.021704,0.002165,0.011260,-0.004650,0.042933,0.004250,-0.077654,-0.044883,0.033490,0.021602,-0.052895,0.013783,0.008728,-0.073924,-0.051873,-0.017112,0.041990,-0.010327,0.045382,0.012326,-0.021729,0.034075,-0.029535,0.000411,-0.052837,-0.039374,0.018632,-0.104079,-0.063738,0.077625,0.024367,-0.007566,-0.024983,-0.015811,0.036870,-0.013344,-0.033731,-0.100031,-0.049317,0.027780,0.000186,0.002659,-0.035702,0.013784,-0.025028,-0.036811,0.023667,0.052763,0.027901,-0.023204,0.039077,0.044605,-0.051592,0.044685,-0.104449
0.007793,-0.007187,0.015295,0.018455,0.012394,0.003051,0.009110,-0.043761,-0.001273,0.021035,0.000108,-0.030772,0.018265,0.011829,0.026035,0.000154,0.015176,-0.011160,0.026221,-0.008745,0.015476,0.007941,-0.017046,-0.017559,-0.002604,0.015550,-0.015390,0.027638,0.005491,-0.011848,0.010233,-0.000431,0.016925,-0.012089,0.003215,0.013092,0.041843,0.014650,-0.027765,0.012237,-0.031704,-0.021713,0.000929,-0.050428,-0.024250,0.024367,0.018998,-0.003485,0.007884,0.014399,0.026449,0.007487,0.035344,-0.036662,0.027442,0.001159,-0.015420,0.002096,0.016564,-0.006543,0.012688,-0.019685,-0.012999,0.048423,0.008734,-0.026574,0.037685,-0.003785,-0.013418,0.001865,-0.013555
0.007440,0.023217,-0.006882,-0.013599,0.044336,-0.029930,0.004227,-0.007274,-0.000752,-0.011584,-0.012591,0.018154,-0.004738,-0.000532,-0.041525,-0.008408,-0.011276,-0.003365,0.036578,-0.006572,-0.057821,0.009249,0.008861,0.016875,0.000916,0.001142,-0.012950,-0.010091,-0.011807,-0.003494,-0.002637,-0.007308,-0.007308,0.007290,-0.020254,0.000330,0.004008,-0.005508,-0.012631,-0.006925,-0.016294,0.006156,0.022456,0.012091,0.012711,-0.007566,-0.003485,0.014111,0.017650,-0.000980,-0.009637,0.004204,-0.008564,-0.029761,-0.019019,-0.002568,0.001227,0.000235,0.002452,-0.014069,-0.016936,0.003677,-0.006247,-0.028927,-0.005250,-0.035141,-0.019802,-0.004659,-0.037249,-0.031298,0.002693
-0.120243,0.069193,-0.025802,0.011754,0.120391,-0.144886,-0.007506,-0.077127,-0.120091,-0.121772,-0.047776,-0.007897,-0.024624,-0.010462,0.085556,0.093486,0.029966,-0.018983,0.231610,0.032831,-0.121280,-0.000459,-0.097015,-0.068767,0.011595,-0.098348,0.065192,-0.116954,-0.155442,-0.048084,0.053155,-0.091509,-0.060277,-0.052816,-0.007327,-0.033162,-0.010075,-0.106884,-0.043966,0.019547,0.033736,0.021625,0.076292,-0.035328,0.048979,-0.024983,0.007884,0.017650,0.275937,-0.034791,-0.067055,0.013523,0.118699,-0.094087,0.040969,0.011193,-0.059882,-0.010764,0.086131,-0.181003,0.002418,0.117304,-0.001754,0.029693,-0.063268,0.009266,0.156202,-0.005252,-0.038022,-0.034096,-0.053163
0.025800,0.004695,0.027786,0.046184,0.051443,0.003685,0.037640,0.039469,0.015812,0.068363,0.014283,-0.018645,0.024363,0.059852,0.093384,0.002702,0.006300,-0.016042,0.010232,-0.025664,0.013073,0.033639,0.085820,0.033069,-0.041552,0.055556,0.005258,0.075297,0.025954,0.057313,0.042254,0.047143,0.020691,-0.008040,-0.022566,0.050675,0.102676,0.053774,-0.024752,0.006106,-0.030592,-0.020003,-0.049748,0.004755,-0.009900,-0.015811,0.014399,-0.000980,-0.034791,0.064939,0.067573,0.016342,0.071291,0.033381,0.113092,-0.046612,-0.014513,-0.010098,0.030845,0.028614,0.051515,-0.021699,-0.056722,0.015424,0.026149,-0.015062,-0.020106,-0.054708,0.029348,-0.036314,0.102402
0.069925,-0.046274,0.050223,0.047510,-0.022963,0.105679,0.064330,-0.048960,0.039425,0.075972,0.042231,-0.065861,0.042220,0.049004,0.070122,-0.034905,-0.090331,0.003913,0.029616,-0.022652,0.038645,0.074244,0.075094,-0.003102,-0.027550,0.080728,-0.034279,0.076020,0.016961,-0.010481,-0.021230,0.065673,0.074508,-0.018138,0.054601,0.099809,0.056461,0.144450,-0.026958,-0.004660,-0.033322,-0.068136,-0.094849,-0.046710,-0.062808,0.036870,0.026449,-0.009637,-0.067055,0.067573,0.155751,-0.000500,0.054196,0.006920,0.105470,-0.070653,0.000226,-0.037650,-0.036080,0.066067,0.057663,-0.001919,-0.047213,-0.004786,0.090361,0.059400,-0.029474,-0.031422,0.058173,0.000286,0.065551
0.008394,0.024995,0.034202,-0.021753,0.048717,-0.069295,-0.052569,0.082181,0.054566,0.064392,0.089738,-0.010241,-0.009356,0.085499,0.020356,0.021188,0.045436,-0.016479,-0.029808,-0.009475,-0.130517,0.015509,0.028653,-0.034321,-0.057083,-0.060823,-0.141355,0.032744,0.113036,-0.045256,0.073265,0.049909,0.016443,0.065692,-0.045768,-0.044854,0.127978,0.032172,0.017790,0.091561,0.039291,-0.042268,-0.026471,0.039752,0.043227,-0.013344,0.007487,0.004204,0.013523,0.016342,-0.000500,0.100241,0.126240,0.106178,-0.053960,-0.015693,0.009057,0.032967,0.043890,-0.009614,0.057331,-0.019173,-0.043770,0.019010,0.010204,-0.073166,0.013050,-0.040175,0.105564,-0.074425,0.033629
-0.047496,0.035734,0.064018,0.058924,0.111225,-0.107667,-0.023288,0.092262,0.002789,0.088734,0.103734,-0.068505,0.010595,0.153270,0.248542,0.096546,0.087543,-0.041263,0.067753,-0.007759,-0.106339,0.041826,0.053093,-0.071039,-0.101915,-0.064286,-0.084212,0.063040,0.070474,-0.010586,0.161019,0.062207,0.017403,0.015338,-0.042589,-0.008953,0.238073,0.041701,-0.016289,0.127435,0.055142,-0.066372,-0.075774,0.004342,0.042950,-0.033731,0.035344,-0.008564,0.118699,0.071291,0.054196,0.126240,0.303956,0.139637,0.127970,-0.060279,-0.045781,0.014901,0.128902,-0.067124,0.149282,0.024445,-0.101973,0.101488,0.012512,-0.028017,0.120499,-0.100111,0.184374,-0.090067,0.113751
-0.020850,-0.015609,0.039353,-0.007236,-0.086321,0.007152,-0.078850,0.333256,0.092542,0.105434,0.180740,0.019265,-0.043388,0.130149,0.167261,0.061089,0.030991,0.019520,-0.239426,0.021472,-0.031431,-0.000406,0.157877,-0.010974,-0.110347,-0.094431,-0.080494,0.037155,0.184538,0.043172,0.104691,0.140067,0.005404,0.098123,-0.015734,-0.055426,0.089357,0.067311,0.150023,0.104590,0.207999,-0.018478,-0.171434,0.209253,0.097091,-0.100031,-0.036662,-0.029761,-0.094087,0.033381,0.006920,0.106178,0.139637,0.418042,0.002973,-0.069676,0.052807,0.018900,0.011752,0.083863,0.140537,0.031468,-0.043438,-0.055251,0.030364,0.128119,-0.076388,-0.077036,0.359066,-0.034930,0.188323
-0.047674,0.000598,0.019453,0.155198,0.077130,0.017023,0.115351,0.025768,-0.089694,0.040426,-0.061855,-0.049175,0.048691,0.054461,0.329030,0.068404,0.030513,-0.027960,0.104478,-0.016792,0.179089,0.033446,0.111747,0.053782,-0.042446,0.114787,0.225830,0.085581,-0.114807,0.179007,0.080610,0.019795,-0.009343,-0.118677,0.002693,0.123710,0.104208,0.014543,-0.065159,-0.048727,-0.043755,0.014806,-0.079642,-0.035833,-0.035285,-0.049317,0.027442,-0.019019,0.040969,0.113092,0.105470,-0.053960,0.127970,0.002973,0.370924,-0.078655,-0.078499,-0.055582,0.089218,-0.011251,0.095711,0.032914,-0.079619,0.077019,0.004505,0.098219,0.058233,-0.090819,0.017952,0.013218,0.189898
-0.018813,-0.003433,-0.021316,-0.024007,-0.026499,-0.017624,-0.032376,-0.051327,-0.016720,-0.035112,-0.034871,0.007164,-0.004822,-0.052460,-0.071612,-0.003532,0.052815,-0.002813,-0.023991,0.008786,0.034167,-0.048628,-0.093729,-0.020557,0.039361,-0.023522,0.003587,-0.025934,-0.003318,-0.024384,-0.017990,-0.050871,-0.019286,-0.002117,-0.005514,-0.049257,-0.044658,-0.070648,-0.004823,-0.001914,-0.021694,0.020207,0.068325,-0.044341,-0.009202,0.027780,0.001159,-0.002568,0.011193,-0.046612,-0.070653,-0.015693,-0.060279,-0.069676,-0.078655,0.063975,-0.003384,0.025348,0.002830,-0.023998,-0.050288,-0.033328,0.044127,0.050459,-0.040099,-0.051611,0.045042,0.047146,-0.074459,0.038038,-0.101740
0.030835,-0.013005,0.000441,-0.036684,-0.045965,0.032286,-0.019302,0.035237,0.044073,0.009723,0.034459,0.018688,-0.013068,-0.002823,-0.073766,-0.028853,-0.038308,0.017244,-0.066783,0.002442,-0.028934,0.003496,0.020178,0.006086,-0.000772,-0.011768,-0.054298,-0.007689,0.047128,-0.025679,-0.029853,0.025144,0.012765,0.038688,0.009530,-0.012578,-0.034363,0.031576,0.037767,0.003255,0.029348,-0.005930,-0.019139,0.044105,0.009525,0.000186,-0.015420,0.001227,-0.059882,-0.014513,0.000226,0.009057,-0.045781,0.052807,-0.078499,-0.003384,0.035542,0.003934,-0.046365,0.042668,-0.010887,-0.004012,0.014155,-0.055739,0.020228,0.015325,-0.063041,0.012575,0.036950,-0.001644,-0.003938
0.000141,0.009701,0.003353,-0.018772,0.009747,-0.037403,-0.036860,0.026941,0.020849,0.021127,0.017873,0.005919,-0.004710,0.012922,-0.027121,0.003370,0.055083,-0.010090,-0.044801,-0.004453,-0.026261,-0.021600,-0.020328,-0.009960,-0.007854,-0.026205,-0.052811,0.014669,0.058139,-0.012352,0.026090,0.001994,-0.004253,0.029779,-0.032421,-0.042460,0.041241,-0.022867,0.006415,0.034333,-0.001090,-0.002624,0.021042,0.003464,0.014504,0.002659,0.002096,0.000235,-0.010764,-0.010098,-0.037650,0.032967,0.014901,0.018900,-0.055582,0.025348,0.003934,0.029612,0.022247,-0.003553,-0.001239,-0.038698,0.000186,0.033579,-0.017963,-0.067306,0.013705,0.001740,0.003346,-0.014717,-0.021691
-0.054015,0.049558,0.007355,0.040208,0.112012,-0.115525,-0.010711,0.049886,-0.037576,0.022689,-0.010032,-0.006420,0.004715,0.054680,0.126975,0.065068,0.115761,-0.038482,0.049652,-0.009957,-0.027295,-0.015110,0.005584,-0.002175,-0.037509,-0.020810,0.024938,0.032488,0.004095,0.052966,0.105863,-0.009068,-0.032185,-0.012711,-0.070073,-0.024361,0.131133,-0.061527,-0.034325,0.044115,-0.013553,0.010053,0.022450,-0.005718,0.033490,-0.035702,0.016564,0.002452,0.086131,0.030845,-0.036080,0.043890,0.128902,0.011752,0.089218,0.002830,-0.046365,0.022247,0.110968,-0.067535,0.044936,-0.014789,-0.046804,0.087845,-0.047892,-0.081275,0.083664,-0.051062,0.001781,-0.049573,0.052842
