0.006534,0.022382,-0.000613,0.028775,-0.010683,-0.006416,0.032272,0.042921,-0.038356,0.010911,0.002391,-0.027417,0.018927,0.058688,-0.041414,0.008582,-0.029844,0.079441,0.012941,0.016174,-0.003218,0.006840,0.017148,0.027070,0.010752,-0.024861,-0.030517,0.036423,-0.013290,0.008379,0.004331,-0.022072,-0.029600,-0.027213,-0.009877,0.029262,0.027190,0.009648,-0.001293,-0.029084,0.001801,-0.012059,0.017693,0.001696,-0.007035,0.017233,-0.009434,0.015390,0.036888,0.017157,0.048609,-0.045155,-0.021518,-0.010183,-0.019294,-0.004161,-0.036101,-0.034694,0.004225,-0.039093,0.041654,0.063812,0.027716,-0.004942,0.024679,0.037786,0.060546,-0.015880,-0.024734,-0.029169,-0.026840
0.022382,0.079576,-0.002320,0.102061,-0.038023,-0.022831,0.114936,0.152847,-0.136553,0.038833,0.008570,-0.097575,0.067205,0.208873,-0.147331,0.030609,-0.106271,0.282774,0.046105,0.057497,-0.011419,0.024440,0.061153,0.096340,0.038391,-0.088525,-0.108648,0.129586,-0.047323,0.029860,0.015465,-0.078542,-0.105381,-0.096849,-0.035238,0.104078,0.096863,0.034276,-0.004554,-0.103452,0.006454,-0.043005,0.062989,0.006065,-0.025006,0.061259,-0.033534,0.054702,0.131354,0.060993,0.172964,-0.160760,-0.076568,-0.036247,-0.068632,-0.014881,-0.128507,-0.123524,0.014966,-0.139157,0.148309,0.227044,0.098651,-0.017553,0.087808,0.134542,0.215466,-0.056374,-0.088108,-0.103836,-0.095534
-0.000613,-0.002320,0.000171,-0.002988,0.001097,0.000668,-0.003366,-0.004515,0.004059,-0.001104,-0.000194,0.002907,-0.001990,-0.006158,0.004329,-0.000900,0.003104,-0.008304,-0.001355,-0.001696,0.000334,-0.000720,-0.001836,-0.002834,-0.001130,0.002597,0.003190,-0.003799,0.001384,-0.000878,-0.000464,0.002334,0.003116,0.002858,0.001057,-0.003067,-0.002829,-0.001007,0.000131,0.003066,-0.000184,0.001271,-0.001847,-0.000177,0.000754,-0.001794,0.000988,-0.001616,-0.003874,-0.001798,-0.005099,0.004717,0.002253,0.001057,0.002017,0.000433,0.003784,0.003639,-0.000399,0.004066,-0.004357,-0.006680,-0.002910,0.000538,-0.002590,-0.003958,-0.006328,0.001650,0.002592,0.003052,0.002832
0.028775,0.102061,-0.002988,0.131418,-0.049020,-0.029440,0.147704,0.196466,-0.175566,0.049955,0.011006,-0.125422,0.086517,0.268556,-0.189401,0.039413,-0.136650,0.363563,0.059256,0.073921,-0.014638,0.031441,0.078562,0.123848,0.049304,-0.113780,-0.139687,0.166632,-0.060864,0.038397,0.019846,-0.100976,-0.135505,-0.124497,-0.045331,0.133856,0.124583,0.044094,-0.005870,-0.133030,0.008308,-0.055309,0.081012,0.007814,-0.032172,0.078859,-0.043112,0.070332,0.168888,0.078417,0.222434,-0.206684,-0.098430,-0.046604,-0.088240,-0.019127,-0.165221,-0.158761,0.019117,-0.178833,0.190674,0.291928,0.126871,-0.022539,0.112876,0.172990,0.277027,-0.072488,-0.113282,-0.133523,-0.122820
-0.010683,-0.038023,0.001097,-0.049020,0.018574,0.010913,-0.055110,-0.073348,0.065528,-0.018659,-0.004142,0.046800,-0.032263,-0.100229,0.070687,-0.014704,0.051067,-0.135619,-0.022094,-0.027545,0.005486,-0.011679,-0.029282,-0.046218,-0.018420,0.042482,0.052102,-0.062227,0.022697,-0.014323,-0.007409,0.037692,0.050575,0.046444,0.016899,-0.049963,-0.046457,-0.016441,0.002191,0.049646,-0.003114,0.020628,-0.030220,-0.002918,0.011991,-0.029395,0.016074,-0.026248,-0.062994,-0.029262,-0.083014,0.077134,0.036742,0.017388,0.032939,0.007138,0.061645,0.059248,-0.007089,0.066745,-0.071165,-0.108984,-0.047368,0.008386,-0.042137,-0.064556,-0.103377,0.027058,0.042264,0.049847,0.045852
-0.006416,-0.022831,0.000668,-0.029440,0.010913,0.007000,-0.033156,-0.044091,0.039344,-0.011212,-0.002479,0.028113,-0.019403,-0.060185,0.042460,-0.008831,0.030638,-0.081498,-0.013294,-0.016588,0.003338,-0.006998,-0.017539,-0.027807,-0.011049,0.025503,0.031317,-0.037355,0.013637,-0.008608,-0.004468,0.022639,0.030361,0.027902,0.010133,-0.030005,-0.027912,-0.009877,0.001300,0.029812,-0.001851,0.012401,-0.018163,-0.001754,0.007204,-0.017666,0.009661,-0.015773,-0.037849,-0.017572,-0.049860,0.046321,0.022062,0.010445,0.019787,0.004288,0.037031,0.035598,-0.004278,0.040073,-0.042744,-0.065426,-0.028411,0.005065,-0.025289,-0.038766,-0.062108,0.016273,0.025385,0.029922,0.027543
0.032272,0.114936,-0.003366,0.147704,-0.055110,-0.033156,0.166438,0.221065,-0.197578,0.056205,0.012425,-0.141176,0.097288,0.302190,-0.213187,0.044300,-0.153801,0.409133,0.066696,0.083203,-0.016426,0.035447,0.088493,0.139462,0.055544,-0.128041,-0.157193,0.187521,-0.068480,0.043194,0.022325,-0.113649,-0.152496,-0.140115,-0.050965,0.150635,0.140147,0.049607,-0.006601,-0.149703,0.009334,-0.062232,0.091164,0.008789,-0.036205,0.088669,-0.048510,0.079148,0.190035,0.088236,0.250331,-0.232598,-0.110790,-0.052446,-0.099315,-0.021548,-0.185933,-0.178690,0.021504,-0.201287,0.214601,0.328531,0.142726,-0.025372,0.127042,0.194666,0.311787,-0.081605,-0.127461,-0.150249,-0.138227
0.042921,0.152847,-0.004515,0.196466,-0.073348,-0.044091,0.221065,0.294442,-0.262781,0.074772,0.016480,-0.187726,0.129374,0.401946,-0.283540,0.058923,-0.204550,0.544174,0.088705,0.110639,-0.021885,0.047123,0.117678,0.185367,0.073787,-0.170360,-0.209078,0.249484,-0.091058,0.057474,0.029770,-0.151129,-0.202792,-0.186360,-0.067812,0.200319,0.186437,0.065983,-0.008773,-0.199108,0.012414,-0.082752,0.121225,0.011684,-0.048134,0.117957,-0.064544,0.105288,0.252758,0.117369,0.332886,-0.309366,-0.147349,-0.069756,-0.132094,-0.028630,-0.247298,-0.237683,0.028601,-0.267698,0.285422,0.436966,0.189891,-0.033771,0.168968,0.258917,0.414654,-0.108516,-0.169539,-0.199835,-0.183839
-0.038356,-0.136553,0.004059,-0.175566,0.065528,0.039344,-0.197578,-0.262781,0.234905,-0.066804,-0.014711,0.167794,-0.115625,-0.359188,0.253371,-0.052660,0.182781,-0.486279,-0.079274,-0.098883,0.019584,-0.042067,-0.105093,-0.165660,-0.065957,0.152221,0.186834,-0.222888,0.081432,-0.051352,-0.026558,0.135130,0.181249,0.166577,0.060602,-0.179041,-0.166610,-0.058958,0.007855,0.177923,-0.011123,0.073956,-0.108339,-0.010439,0.043015,-0.105373,0.057663,-0.094101,-0.225867,-0.104911,-0.297508,0.276461,0.131670,0.062342,0.118027,0.025592,0.220998,0.212397,-0.025555,0.239259,-0.255083,-0.390481,-0.169681,0.030162,-0.150976,-0.231389,-0.370557,0.096991,0.151497,0.178568,0.164291
0.010911,0.038833,-0.001104,0.049955,-0.018659,-0.011212,0.056205,0.074772,-0.066804,0.019185,0.004206,-0.047739,0.032884,0.102249,-0.072100,0.014959,-0.051985,0.138360,0.022549,0.028125,-0.005567,0.011957,0.029886,0.047140,0.018743,-0.043312,-0.053160,0.063406,-0.023142,0.014612,0.007555,-0.038440,-0.051570,-0.047401,-0.017228,0.050973,0.047503,0.016770,-0.002236,-0.050640,0.003139,-0.021058,0.030818,0.002956,-0.012240,0.029991,-0.016434,0.026783,0.064201,0.029886,0.084646,-0.078675,-0.037468,-0.017743,-0.033575,-0.007297,-0.062896,-0.060446,0.007289,-0.068029,0.072576,0.111111,0.048290,-0.008579,0.042978,0.065845,0.105466,-0.027572,-0.043110,-0.050817,-0.046721
0.002391,0.008570,-0.000194,0.011006,-0.004142,-0.002479,0.012425,0.016480,-0.014711,0.004206,0.001037,-0.010509,0.007250,0.022528,-0.015911,0.003317,-0.011483,0.030529,0.004967,0.006216,-0.001248,0.002620,0.006615,0.010404,0.004154,-0.009581,-0.011732,0.014004,-0.005113,0.003220,0.001660,-0.008464,-0.011384,-0.010459,-0.003788,0.011225,0.010451,0.003748,-0.000448,-0.011140,0.000756,-0.004640,0.006768,0.000666,-0.002673,0.006610,-0.003629,0.005916,0.014185,0.006559,0.018658,-0.017351,-0.008262,-0.003915,-0.007422,-0.001612,-0.013873,-0.013339,0.001617,-0.014995,0.016022,0.024527,0.010640,-0.001874,0.009452,0.014519,0.023288,-0.006102,-0.009517,-0.011194,-0.010296
-0.027417,-0.097575,0.002907,-0.125422,0.046800,0.028113,-0.141176,-0.187726,0.167794,-0.047739,-0.010509,0.119991,-0.082596,-0.256623,0.181008,-0.037634,0.130598,-0.347413,-0.056625,-0.070658,0.013982,-0.030042,-0.075095,-0.118342,-0.047132,0.108746,0.133467,-0.159213,0.058123,-0.036680,-0.018970,0.096514,0.129441,0.118984,0.043298,-0.127893,-0.119022,-0.042119,0.005588,0.127101,-0.007919,0.052880,-0.077307,-0.007443,0.030761,-0.075277,0.041179,-0.067205,-0.161330,-0.074964,-0.212520,0.197493,0.094069,0.044534,0.084321,0.018276,0.157875,0.151722,-0.018246,0.170952,-0.182233,-0.278939,-0.121209,0.021523,-0.107868,-0.165284,-0.264758,0.069259,0.108242,0.127564,0.117380
0.018927,0.067205,-0.001990,0.086517,-0.032263,-0.019403,0.097288,0.129374,-0.115625,0.032884,0.007250,-0.082596,0.057062,0.176893,-0.124772,0.025901,-0.089982,0.239439,0.039034,0.048665,-0.009630,0.020701,0.051763,0.081567,0.032501,-0.074937,-0.092002,0.109744,-0.040074,0.025282,0.013063,-0.066499,-0.089245,-0.082002,-0.029874,0.088146,0.082002,0.029048,-0.003871,-0.087603,0.005458,-0.036397,0.053350,0.005150,-0.021210,0.051990,-0.028372,0.046346,0.111216,0.051646,0.146474,-0.136115,-0.064834,-0.030699,-0.058119,-0.012597,-0.108813,-0.104596,0.012546,-0.117774,0.125631,0.192242,0.083545,-0.014830,0.074347,0.113924,0.182437,-0.047748,-0.074589,-0.087902,-0.080884
0.058688,0.208873,-0.006158,0.268556,-0.100229,-0.060185,0.302190,0.401946,-0.359188,0.102249,0.022528,-0.256623,0.176893,0.549570,-0.387578,0.080530,-0.279597,0.743837,0.121235,0.151264,-0.029948,0.064317,0.160732,0.253374,0.100891,-0.232818,-0.285794,0.340909,-0.124498,0.078537,0.040613,-0.206594,-0.277175,-0.254755,-0.092699,0.273841,0.254844,0.090184,-0.011998,-0.272157,0.016961,-0.113133,0.165707,0.015956,-0.065801,0.161209,-0.088225,0.143910,0.345547,0.160468,0.455077,-0.422868,-0.201410,-0.095349,-0.180541,-0.039155,-0.338037,-0.324876,0.039082,-0.365918,0.390211,0.597274,0.259531,-0.046133,0.230940,0.353887,0.566796,-0.148326,-0.231742,-0.273148,-0.251284
-0.041414,-0.147331,0.004329,-0.189401,0.070687,0.042460,-0.213187,-0.283540,0.253371,-0.072100,-0.015911,0.181008,-0.124772,-0.387578,0.273829,-0.056830,0.197221,-0.524711,-0.085530,-0.106699,0.021124,-0.045388,-0.113404,-0.178733,-0.071178,0.164241,0.201585,-0.240480,0.087820,-0.055399,-0.028643,0.145750,0.195537,0.179687,0.065389,-0.193162,-0.179763,-0.063621,0.008464,0.191980,-0.011987,0.079793,-0.116901,-0.011258,0.046422,-0.113721,0.062232,-0.101520,-0.243720,-0.113169,-0.320994,0.298343,0.142155,0.067312,0.127394,0.027622,0.238449,0.229144,-0.027564,0.258118,-0.275206,-0.421311,-0.183075,0.032534,-0.162918,-0.249641,-0.399814,0.104643,0.163428,0.192680,0.177275
0.008582,0.030609,-0.000900,0.039413,-0.014704,-0.008831,0.044300,0.058923,-0.052660,0.014959,0.003317,-0.037634,0.025901,0.080530,-0.056830,0.012059,-0.040965,0.109024,0.017790,0.022155,-0.004418,0.009453,0.023565,0.037141,0.014778,-0.034137,-0.041869,0.049972,-0.018271,0.011510,0.005943,-0.030275,-0.040636,-0.037329,-0.013565,0.040101,0.037366,0.013215,-0.001723,-0.039891,0.002522,-0.016606,0.024292,0.002342,-0.009639,0.023599,-0.012932,0.021075,0.050617,0.023506,0.066726,-0.061990,-0.029526,-0.013968,-0.026470,-0.005685,-0.049528,-0.047527,0.005781,-0.053655,0.057225,0.087562,0.038053,-0.006766,0.033850,0.051913,0.083088,-0.021757,-0.033973,-0.040095,-0.036829
-0.029844,-0.106271,0.003104,-0.136650,0.051067,0.030638,-0.153801,-0.204550,0.182781,-0.051985,-0.011483,0.130598,-0.089982,-0.279597,0.197221,-0.040965,0.142578,-0.378577,-0.061711,-0.077004,0.015309,-0.032754,-0.081804,-0.128929,-0.051350,0.118475,0.145445,-0.173485,0.063380,-0.039969,-0.020669,0.105135,0.141038,0.129627,0.047173,-0.139351,-0.129668,-0.045902,0.006120,0.138484,-0.008639,0.057573,-0.084326,-0.008117,0.033456,-0.082025,0.044881,-0.073229,-0.175835,-0.081655,-0.231552,0.215193,0.102494,0.048520,0.091872,0.019948,0.172014,0.165268,-0.019832,0.186238,-0.198482,-0.303863,-0.132061,0.023540,-0.117523,-0.180113,-0.288424,0.075477,0.117925,0.138955,0.127814
0.079441,0.282774,-0.008304,0.363563,-0.135619,-0.081498,0.409133,0.544174,-0.486279,0.138360,0.030529,-0.347413,0.239439,0.743837,-0.524711,0.109024,-0.378577,1.007468,0.164094,0.204725,-0.040559,0.087117,0.217673,0.343059,0.136607,-0.315206,-0.386920,0.461573,-0.168565,0.106333,0.054983,-0.279720,-0.375286,-0.344858,-0.125491,0.370730,0.345011,0.122094,-0.016244,-0.368453,0.022999,-0.153158,0.224371,0.021611,-0.089088,0.218253,-0.119445,0.194833,0.467753,0.217198,0.616084,-0.572502,-0.272684,-0.129093,-0.244430,-0.052996,-0.457645,-0.439820,0.052919,-0.495414,0.528204,0.808694,0.351454,-0.062390,0.312642,0.479144,0.767357,-0.200848,-0.313744,-0.369801,-0.340215
0.012941,0.046105,-0.001355,0.059256,-0.022094,-0.013294,0.066696,0.088705,-0.079274,0.022549,0.004967,-0.056625,0.039034,0.121235,-0.085530,0.017790,-0.061711,0.164094,0.027080,0.033361,-0.006623,0.014201,0.035477,0.055943,0.022260,-0.051365,-0.063071,0.075234,-0.027476,0.017340,0.008970,-0.045597,-0.061148,-0.056212,-0.020468,0.060456,0.056241,0.019920,-0.002655,-0.060048,0.003738,-0.024956,0.036575,0.003520,-0.014510,0.035574,-0.019460,0.031753,0.076312,0.035413,0.100391,-0.093325,-0.044450,-0.021046,-0.039835,-0.008662,-0.074601,-0.071659,0.008615,-0.080760,0.086087,0.131867,0.057378,-0.010141,0.051038,0.078126,0.125128,-0.032763,-0.051152,-0.060261,-0.055439
0.016174,0.057497,-0.001696,0.073921,-0.027545,-0.016588,0.083203,0.110639,-0.098883,0.028125,0.006216,-0.070658,0.048665,0.151264,-0.106699,0.022155,-0.077004,0.204725,0.033361,0.041967,-0.008250,0.017729,0.044272,0.069715,0.027818,-0.064091,-0.078672,0.093846,-0.034257,0.021619,0.011179,-0.056898,-0.076296,-0.070152,-0.025472,0.075342,0.070176,0.024841,-0.003294,-0.074923,0.004668,-0.031147,0.045621,0.004398,-0.018115,0.044374,-0.024302,0.039629,0.095117,0.044158,0.125295,-0.116415,-0.055440,-0.026242,-0.049709,-0.010776,-0.093047,-0.089420,0.010739,-0.100732,0.107383,0.164481,0.071495,-0.012654,0.063566,0.097422,0.156014,-0.040746,-0.063769,-0.075153,-0.069172
-0.003218,-0.011419,0.000334,-0.014638,0.005486,0.003338,-0.016426,-0.021885,0.019584,-0.005567,-0.001248,0.013982,-0.009630,-0.029948,0.021124,-0.004418,0.015309,-0.040559,-0.006623,-0.008250,0.002027,-0.003533,-0.008808,-0.013760,-0.005520,0.012704,0.015571,-0.018588,0.006783,-0.004276,-0.002200,0.011268,0.015123,0.013884,0.005064,-0.014937,-0.013903,-0.004923,0.000651,0.014847,-0.000925,0.006145,-0.009023,-0.000869,0.003599,-0.008774,0.004818,-0.007845,-0.018828,-0.008759,-0.024800,0.023056,0.010986,0.005199,0.009832,0.002137,0.018431,0.017719,-0.002167,0.019916,-0.021312,-0.032556,-0.014140,0.002513,-0.012615,-0.019276,-0.030890,0.008078,0.012633,0.014907,0.013759
0.006840,0.024440,-0.000720,0.031441,-0.011679,-0.006998,0.035447,0.047123,-0.042067,0.011957,0.002620,-0.030042,0.020701,0.064317,-0.045388,0.009453,-0.032754,0.087117,0.014201,0.017729,-0.003533,0.007876,0.018789,0.029667,0.011797,-0.027245,-0.033457,0.039995,-0.014588,0.009196,0.004709,-0.024207,-0.032469,-0.029827,-0.010836,0.032056,0.029843,0.010569,-0.001435,-0.031870,0.001986,-0.013247,0.019413,0.001872,-0.007720,0.018935,-0.010339,0.016856,0.040452,0.018777,0.053317,-0.049520,-0.023593,-0.011164,-0.021143,-0.004564,-0.039587,-0.038035,0.004561,-0.042845,0.045701,0.069942,0.030367,-0.005411,0.027053,0.041440,0.066384,-0.017375,-0.027134,-0.031989,-0.029430
0.017148,0.061153,-0.001836,0.078562,-0.029282,-0.017539,0.088493,0.117678,-0.105093,0.029886,0.006615,-0.075095,0.051763,0.160732,-0.113404,0.023565,-0.081804,0.217673,0.035477,0.044272,-0.008808,0.018789,0.047308,0.074154,0.029532,-0.068124,-0.083618,0.099719,-0.036410,0.022990,0.011903,-0.060426,-0.081121,-0.074530,-0.027135,0.080151,0.074583,0.026401,-0.003504,-0.079650,0.004960,-0.033078,0.048487,0.004678,-0.019274,0.047165,-0.025817,0.042112,0.101098,0.046943,0.133167,-0.123739,-0.058937,-0.027908,-0.052821,-0.011478,-0.098908,-0.095047,0.011392,-0.107016,0.114191,0.174760,0.075943,-0.013490,0.067594,0.103542,0.165863,-0.043412,-0.067804,-0.079914,-0.073547
0.027070,0.096340,-0.002834,0.123848,-0.046218,-0.027807,0.139462,0.185367,-0.165660,0.047140,0.010404,-0.118342,0.081567,0.253374,-0.178733,0.037141,-0.128929,0.343059,0.055943,0.069715,-0.013760,0.029667,0.074154,0.117028,0.046557,-0.107358,-0.131790,0.157286,-0.057405,0.036217,0.018714,-0.095304,-0.127852,-0.117478,-0.042752,0.126285,0.117540,0.041591,-0.005519,-0.125516,0.007852,-0.052188,0.076438,0.007361,-0.030322,0.074329,-0.040716,0.066380,0.159354,0.073975,0.209862,-0.195023,-0.092897,-0.043972,-0.083241,-0.018065,-0.155884,-0.149820,0.018011,-0.168789,0.179938,0.275438,0.119731,-0.021285,0.106513,0.163234,0.261363,-0.068422,-0.106874,-0.125980,-0.115906
0.010752,0.038391,-0.001130,0.049304,-0.018420,-0.011049,0.055544,0.073787,-0.065957,0.018743,0.004154,-0.047132,0.032501,0.100891,-0.071178,0.014778,-0.051350,0.136607,0.022260,0.027818,-0.005520,0.011797,0.029532,0.046557,0.018664,-0.042730,-0.052454,0.062615,-0.022856,0.014429,0.007450,-0.037944,-0.050912,-0.046761,-0.017033,0.050255,0.046786,0.016562,-0.002203,-0.049982,0.003126,-0.020774,0.030436,0.002937,-0.012104,0.029634,-0.016185,0.026437,0.063445,0.029430,0.083566,-0.077650,-0.036990,-0.017510,-0.033170,-0.007184,-0.062088,-0.059677,0.007207,-0.067208,0.071655,0.109691,0.047713,-0.008488,0.042430,0.064971,0.104093,-0.027168,-0.042560,-0.050168,-0.046138
-0.024861,-0.088525,0.002597,-0.113780,0.042482,0.025503,-0.128041,-0.170360,0.152221,-0.043312,-0.009581,0.108746,-0.074937,-0.232818,0.164241,-0.034137,0.118475,-0.315206,-0.051365,-0.064091,0.012704,-0.027245,-0.068124,-0.107358,-0.042730,0.098801,0.121116,-0.144467,0.052759,-0.033277,-0.017164,0.087568,0.117463,0.107950,0.039268,-0.116024,-0.107999,-0.038206,0.005058,0.115298,-0.007222,0.047935,-0.070231,-0.006759,0.027877,-0.068318,0.037375,-0.061013,-0.146414,-0.067982,-0.192821,0.179184,0.085357,0.040406,0.076503,0.016608,0.143245,0.137693,-0.016585,0.155080,-0.165321,-0.253106,-0.109969,0.019550,-0.097845,-0.149963,-0.240193,0.062853,0.098200,0.115762,0.106496
-0.030517,-0.108648,0.003190,-0.139687,0.052102,0.031317,-0.157193,-0.209078,0.186834,-0.053160,-0.011732,0.133467,-0.092002,-0.285794,0.201585,-0.041869,0.145445,-0.386920,-0.063071,-0.078672,0.015571,-0.033457,-0.083618,-0.131790,-0.052454,0.121116,0.148823,-0.177336,0.064751,-0.040855,-0.021106,0.107469,0.144189,0.132493,0.048234,-0.142450,-0.132564,-0.046917,0.006231,0.141561,-0.008830,0.058890,-0.086230,-0.008317,0.034223,-0.083879,0.045870,-0.074870,-0.179742,-0.083443,-0.236707,0.219964,0.104771,0.049595,0.093909,0.020374,0.175829,0.168945,-0.020320,0.190360,-0.202953,-0.310691,-0.134941,0.023979,-0.120139,-0.184092,-0.294782,0.077140,0.120552,0.142077,0.130710
0.036423,0.129586,-0.003799,0.166632,-0.062227,-0.037355,0.187521,0.249484,-0.222888,0.063406,0.014004,-0.159213,0.109744,0.340909,-0.240480,0.049972,-0.173485,0.461573,0.075234,0.093846,-0.018588,0.039995,0.099719,0.157286,0.062615,-0.144467,-0.177336,0.211740,-0.077215,0.048725,0.025174,-0.128212,-0.172018,-0.158106,-0.057508,0.169915,0.158134,0.055984,-0.007448,-0.168867,0.010527,-0.070193,0.102844,0.009895,-0.040837,0.100034,-0.054747,0.089293,0.214408,0.099552,0.282353,-0.262397,-0.124981,-0.059178,-0.112017,-0.024269,-0.209745,-0.201595,0.024267,-0.227080,0.242102,0.370610,0.161039,-0.028549,0.143319,0.219572,0.351689,-0.092060,-0.143791,-0.169492,-0.155933
-0.013290,-0.047323,0.001384,-0.060864,0.022697,0.013637,-0.068480,-0.091058,0.081432,-0.023142,-0.005113,0.058123,-0.040074,-0.124498,0.087820,-0.018271,0.063380,-0.168565,-0.027476,-0.034257,0.006783,-0.014588,-0.036410,-0.057405,-0.022856,0.052759,0.064751,-0.077215,0.028348,-0.017817,-0.009196,0.046829,0.062850,0.057758,0.020986,-0.062071,-0.057755,-0.020446,0.002733,0.061651,-0.003852,0.025625,-0.037566,-0.003611,0.014914,-0.036527,0.019988,-0.032616,-0.078319,-0.036373,-0.103139,0.095830,0.045652,0.021611,0.040903,0.008877,0.076597,0.073603,-0.008850,0.082946,-0.088404,-0.135349,-0.058817,0.010517,-0.052271,-0.080211,-0.128454,0.033636,0.052508,0.061908,0.056950
0.008379,0.029860,-0.000878,0.038397,-0.014323,-0.008608,0.043194,0.057474,-0.051352,0.014612,0.003220,-0.036680,0.025282,0.078537,-0.055399,0.011510,-0.039969,0.106333,0.017340,0.021619,-0.004276,0.009196,0.022990,0.036217,0.014429,-0.033277,-0.040855,0.048725,-0.017817,0.011667,0.005781,-0.029543,-0.039615,-0.036410,-0.013250,0.039144,0.036432,0.012892,-0.001712,-0.038904,0.002427,-0.016160,0.023684,0.002286,-0.009411,0.023037,-0.012617,0.020575,0.049383,0.022935,0.065051,-0.060399,-0.028800,-0.013644,-0.025821,-0.005602,-0.048317,-0.046433,0.005586,-0.052311,0.055772,0.085378,0.037091,-0.006585,0.033017,0.050594,0.081027,-0.021198,-0.033121,-0.039056,-0.035925
0.004331,0.015465,-0.000464,0.019846,-0.007409,-0.004468,0.022325,0.029770,-0.026558,0.007555,0.001660,-0.018970,0.013063,0.040613,-0.028643,0.005943,-0.020669,0.054983,0.008970,0.011179,-0.002200,0.004709,0.011903,0.018714,0.007450,-0.017164,-0.021106,0.025174,-0.009196,0.005781,0.003266,-0.015296,-0.020517,-0.018834,-0.006841,0.020236,0.018833,0.006689,-0.000913,-0.020095,0.001270,-0.008354,0.012249,0.001175,-0.004875,0.011909,-0.006522,0.010641,0.025544,0.011845,0.033649,-0.031257,-0.014893,-0.007035,-0.013342,-0.002928,-0.024985,-0.023972,0.002880,-0.027043,0.028822,0.044148,0.019165,-0.003381,0.017015,0.026199,0.041912,-0.010965,-0.017130,-0.020200,-0.018575
-0.022072,-0.078542,0.002334,-0.100976,0.037692,0.022639,-0.113649,-0.151129,0.135130,-0.038440,-0.008464,0.096514,-0.066499,-0.206594,0.145750,-0.030275,0.105135,-0.279720,-0.045597,-0.056898,0.011268,-0.024207,-0.060426,-0.095304,-0.037944,0.087568,0.107469,-0.128212,0.046829,-0.029543,-0.015296,0.077794,0.104263,0.095815,0.034851,-0.102983,-0.095849,-0.033907,0.004515,0.102341,-0.006414,0.042539,-0.062320,-0.006006,0.024724,-0.060629,0.033188,-0.054144,-0.129926,-0.060331,-0.171131,0.159020,0.075744,0.035858,0.067886,0.014722,0.127112,0.122169,-0.014705,0.137599,-0.146734,-0.224612,-0.097602,0.017328,-0.086825,-0.133113,-0.213143,0.055780,0.087143,0.102725,0.094491
-0.029600,-0.105381,0.003116,-0.135505,0.050575,0.030361,-0.152496,-0.202792,0.181249,-0.051570,-0.011384,0.129441,-0.089245,-0.277175,0.195537,-0.040636,0.141038,-0.375286,-0.061148,-0.076296,0.015123,-0.032469,-0.081121,-0.127852,-0.050912,0.117463,0.144189,-0.172018,0.062850,-0.039615,-0.020517,0.104263,0.139985,0.128545,0.046769,-0.138154,-0.128569,-0.045498,0.006046,0.137330,-0.008583,0.057071,-0.083616,-0.008054,0.033215,-0.081336,0.044523,-0.072594,-0.174328,-0.080932,-0.229542,0.213337,0.101611,0.048098,0.091101,0.019739,0.170551,0.163897,-0.019720,0.184603,-0.196832,-0.301328,-0.130964,0.023284,-0.116480,-0.178552,-0.285952,0.074850,0.116917,0.137806,0.126792
-0.027213,-0.096849,0.002858,-0.124497,0.046444,0.027902,-0.140115,-0.186360,0.166577,-0.047401,-0.010459,0.118984,-0.082002,-0.254755,0.179687,-0.037329,0.129627,-0.344858,-0.056212,-0.070152,0.013884,-0.029827,-0.074530,-0.117478,-0.046761,0.107950,0.132493,-0.158106,0.057758,-0.036410,-0.018834,0.095815,0.128545,0.118243,0.042973,-0.126977,-0.118109,-0.041853,0.005570,0.126170,-0.007861,0.052442,-0.076837,-0.007408,0.030510,-0.074725,0.040929,-0.066712,-0.160160,-0.074408,-0.210950,0.196063,0.093378,0.044215,0.083712,0.018159,0.156726,0.150642,-0.018113,0.169672,-0.180900,-0.276913,-0.120319,0.021370,-0.107030,-0.164097,-0.262807,0.068774,0.107457,0.126618,0.116515
-0.009877,-0.035238,0.001057,-0.045331,0.016899,0.010133,-0.050965,-0.067812,0.060602,-0.017228,-0.003788,0.043298,-0.029874,-0.092699,0.065389,-0.013565,0.047173,-0.125491,-0.020468,-0.025472,0.005064,-0.010836,-0.027135,-0.042752,-0.017033,0.039268,0.048234,-0.057508,0.020986,-0.013250,-0.006841,0.034851,0.046769,0.042973,0.015890,-0.046183,-0.043030,-0.015207,0.002002,0.045907,-0.002860,0.019117,-0.027978,-0.002679,0.011093,-0.027235,0.014889,-0.024276,-0.058232,-0.027020,-0.076698,0.071328,0.033984,0.016079,0.030448,0.006602,0.057023,0.054803,-0.006580,0.061748,-0.065832,-0.100760,-0.043771,0.007806,-0.038956,-0.059700,-0.095616,0.025053,0.039073,0.046026,0.042376
0.029262,0.104078,-0.003067,0.133856,-0.049963,-0.030005,0.150635,0.200319,-0.179041,0.050973,0.011225,-0.127893,0.088146,0.273841,-0.193162,0.040101,-0.139351,0.370730,0.060456,0.075342,-0.014937,0.032056,0.080151,0.126285,0.050255,-0.116024,-0.142450,0.169915,-0.062071,0.039144,0.020236,-0.102983,-0.138154,-0.126977,-0.046183,0.136587,0.127025,0.044951,-0.005985,-0.135655,0.008455,-0.056367,0.082572,0.007957,-0.032802,0.080334,-0.043963,0.071754,0.172217,0.080009,0.226860,-0.210754,-0.100391,-0.047519,-0.089988,-0.019520,-0.168467,-0.161907,0.019468,-0.182338,0.194430,0.297680,0.129337,-0.022968,0.115115,0.176372,0.282491,-0.073965,-0.115489,-0.136116,-0.125233
0.027190,0.096863,-0.002829,0.124583,-0.046457,-0.027912,0.140147,0.186437,-0.166610,0.047503,0.010451,-0.119022,0.082002,0.254844,-0.179763,0.037366,-0.129668,0.345011,0.056241,0.070176,-0.013903,0.029843,0.074583,0.117540,0.046786,-0.107999,-0.132564,0.158134,-0.057755,0.036432,0.018833,-0.095849,-0.128569,-0.118109,-0.043030,0.127025,0.118462,0.041821,-0.005587,-0.126225,0.007882,-0.052505,0.076889,0.007400,-0.030518,0.074792,-0.040927,0.066729,0.160294,0.074450,0.211111,-0.196135,-0.093431,-0.044225,-0.083742,-0.018160,-0.156789,-0.150681,0.018167,-0.169744,0.180963,0.277030,0.120405,-0.021420,0.107138,0.164155,0.262879,-0.068798,-0.107484,-0.126684,-0.116571
0.009648,0.034276,-0.001007,0.044094,-0.016441,-0.009877,0.049607,0.065983,-0.058958,0.016770,0.003748,-0.042119,0.029048,0.090184,-0.063621,0.013215,-0.045902,0.122094,0.019920,0.024841,-0.004923,0.010569,0.026401,0.041591,0.016562,-0.038206,-0.046917,0.055984,-0.020446,0.012892,0.006689,-0.033907,-0.045498,-0.041853,-0.015207,0.044951,0.041821,0.014929,-0.001941,-0.044658,0.002800,-0.018567,0.027216,0.002625,-0.010810,0.026476,-0.014480,0.023632,0.056713,0.026336,0.074697,-0.069414,-0.033060,-0.015648,-0.029641,-0.006446,-0.055488,-0.053344,0.006402,-0.060040,0.064034,0.098047,0.042605,-0.007573,0.037893,0.058127,0.093043,-0.024341,-0.038043,-0.044856,-0.041262
-0.001293,-0.004554,0.000131,-0.005870,0.002191,0.001300,-0.006601,-0.008773,0.007855,-0.002236,-0.000448,0.005588,-0.003871,-0.011998,0.008464,-0.001723,0.006120,-0.016244,-0.002655,-0.003294,0.000651,-0.001435,-0.003504,-0.005519,-0.002203,0.005058,0.006231,-0.007448,0.002733,-0.001712,-0.000913,0.004515,0.006046,0.005570,0.002002,-0.005985,-0.005587,-0.001941,0.000395,0.005952,-0.000356,0.002462,-0.003628,-0.000354,0.001416,-0.003538,0.001919,-0.003144,-0.007562,-0.003510,-0.009965,0.009229,0.004392,0.002082,0.003945,0.000894,0.007373,0.007109,-0.000843,0.008017,-0.008509,-0.013041,-0.005654,0.001003,-0.005047,-0.007666,-0.012380,0.003246,0.005060,0.006014,0.005495
-0.029084,-0.103452,0.003066,-0.133030,0.049646,0.029812,-0.149703,-0.199108,0.177923,-0.050640,-0.011140,0.127101,-0.087603,-0.272157,0.191980,-0.039891,0.138484,-0.368453,-0.060048,-0.074923,0.014847,-0.031870,-0.079650,-0.125516,-0.049982,0.115298,0.141561,-0.168867,0.061651,-0.038904,-0.020095,0.102341,0.137330,0.126170,0.045907,-0.135655,-0.126225,-0.044658,0.005952,0.134943,-0.008438,0.056027,-0.082093,-0.007904,0.032599,-0.079840,0.043708,-0.071284,-0.171145,-0.079477,-0.225397,0.209464,0.099768,0.047225,0.089431,0.019364,0.167428,0.160970,-0.019359,0.181234,-0.193233,-0.295843,-0.128587,0.022867,-0.114403,-0.175249,-0.280767,0.073489,0.114783,0.135309,0.124491
0.001801,0.006454,-0.000184,0.008308,-0.003114,-0.001851,0.009334,0.012414,-0.011123,0.003139,0.000756,-0.007919,0.005458,0.016961,-0.011987,0.002522,-0.008639,0.022999,0.003738,0.004668,-0.000925,0.001986,0.004960,0.007852,0.003126,-0.007222,-0.008830,0.010527,-0.003852,0.002427,0.001270,-0.006414,-0.008583,-0.007861,-0.002860,0.008455,0.007882,0.002800,-0.000356,-0.008438,0.000732,-0.003492,0.005079,0.000490,-0.001946,0.004981,-0.002732,0.004451,0.010688,0.004945,0.014076,-0.013069,-0.006225,-0.002956,-0.005585,-0.001216,-0.010450,-0.010079,0.001219,-0.011315,0.012056,0.018465,0.008029,-0.001429,0.007123,0.010957,0.017545,-0.004608,-0.007157,-0.008429,-0.007765
-0.012059,-0.043005,0.001271,-0.055309,0.020628,0.012401,-0.062232,-0.082752,0.073956,-0.021058,-0.004640,0.052880,-0.036397,-0.113133,0.079793,-0.016606,0.057573,-0.153158,-0.024956,-0.031147,0.006145,-0.013247,-0.033078,-0.052188,-0.020774,0.047935,0.058890,-0.070193,0.025625,-0.016160,-0.008354,0.042539,0.057071,0.052442,0.019117,-0.056367,-0.052505,-0.018567,0.002462,0.056027,-0.003492,0.023407,-0.034103,-0.003296,0.013539,-0.033191,0.018185,-0.029649,-0.071122,-0.033007,-0.093710,0.087066,0.041473,0.019631,0.037166,0.008088,0.069594,0.066855,-0.008060,0.075376,-0.080320,-0.122954,-0.053431,0.009478,-0.047552,-0.072874,-0.116676,0.030511,0.047700,0.056231,0.051756
0.017693,0.062989,-0.001847,0.081012,-0.030220,-0.018163,0.091164,0.121225,-0.108339,0.030818,0.006768,-0.077307,0.053350,0.165707,-0.116901,0.024292,-0.084326,0.224371,0.036575,0.045621,-0.009023,0.019413,0.048487,0.076438,0.030436,-0.070231,-0.086230,0.102844,-0.037566,0.023684,0.012249,-0.062320,-0.083616,-0.076837,-0.027978,0.082572,0.076889,0.027216,-0.003628,-0.082093,0.005079,-0.034103,0.050270,0.004780,-0.019866,0.048640,-0.026605,0.043410,0.104183,0.048365,0.137271,-0.127557,-0.060750,-0.028758,-0.054458,-0.011819,-0.101956,-0.097957,0.011808,-0.110379,0.117681,0.180150,0.078294,-0.013913,0.069669,0.106765,0.171036,-0.044706,-0.069899,-0.082397,-0.075801
0.001696,0.006065,-0.000177,0.007814,-0.002918,-0.001754,0.008789,0.011684,-0.010439,0.002956,0.000666,-0.007443,0.005150,0.015956,-0.011258,0.002342,-0.008117,0.021611,0.003520,0.004398,-0.000869,0.001872,0.004678,0.007361,0.002937,-0.006759,-0.008317,0.009895,-0.003611,0.002286,0.001175,-0.006006,-0.008054,-0.007408,-0.002679,0.007957,0.007400,0.002625,-0.000354,-0.007904,0.000490,-0.003296,0.004780,0.000874,-0.001901,0.004696,-0.002568,0.004183,0.010031,0.004669,0.013233,-0.012300,-0.005864,-0.002779,-0.005181,-0.001127,-0.009821,-0.009439,0.001139,-0.010632,0.011338,0.017358,0.007553,-0.001340,0.006711,0.010292,0.016479,-0.004315,-0.006730,-0.007937,-0.007295
-0.007035,-0.025006,0.000754,-0.032172,0.011991,0.007204,-0.036205,-0.048134,0.043015,-0.012240,-0.002673,0.030761,-0.021210,-0.065801,0.046422,-0.009639,0.033456,-0.089088,-0.014510,-0.018115,0.003599,-0.007720,-0.019274,-0.030322,-0.012104,0.027877,0.034223,-0.040837,0.014914,-0.009411,-0.004875,0.024724,0.033215,0.030510,0.011093,-0.032802,-0.030518,-0.010810,0.001416,0.032599,-0.001946,0.013539,-0.019866,-0.001901,0.008049,-0.019324,0.010554,-0.017208,-0.041358,-0.019221,-0.054517,0.050659,0.024121,0.011418,0.021622,0.004685,0.040485,0.038915,-0.004673,0.043812,-0.046739,-0.071530,-0.031106,0.005538,-0.027680,-0.042410,-0.067851,0.017758,0.027773,0.032730,0.030095
0.017233,0.061259,-0.001794,0.078859,-0.029395,-0.017666,0.088669,0.117957,-0.105373,0.029991,0.006610,-0.075277,0.051990,0.161209,-0.113721,0.023599,-0.082025,0.218253,0.035574,0.044374,-0.008774,0.018935,0.047165,0.074329,0.029634,-0.068318,-0.083879,0.100034,-0.036527,0.023037,0.011909,-0.060629,-0.081336,-0.074725,-0.027235,0.080334,0.074792,0.026476,-0.003538,-0.079840,0.004981,-0.033191,0.048640,0.004696,-0.019324,0.047456,-0.025871,0.042215,0.101377,0.047046,0.133526,-0.124075,-0.059107,-0.027977,-0.052964,-0.011481,-0.099171,-0.095330,0.011434,-0.107351,0.114474,0.175233,0.076150,-0.013531,0.067750,0.103831,0.166307,-0.043473,-0.067983,-0.080137,-0.073760
-0.009434,-0.033534,0.000988,-0.043112,0.016074,0.009661,-0.048510,-0.064544,0.057663,-0.016434,-0.003629,0.041179,-0.028372,-0.088225,0.062232,-0.012932,0.044881,-0.119445,-0.019460,-0.024302,0.004818,-0.010339,-0.025817,-0.040716,-0.016185,0.037375,0.045870,-0.054747,0.019988,-0.012617,-0.006522,0.033188,0.044523,0.040929,0.014889,-0.043963,-0.040927,-0.014480,0.001919,0.043708,-0.002732,0.018185,-0.026605,-0.002568,0.010554,-0.025871,0.014252,-0.023101,-0.055494,-0.025708,-0.073089,0.067899,0.032339,0.015314,0.028983,0.006281,0.054271,0.052152,-0.006266,0.058736,-0.062635,-0.095885,-0.041707,0.007416,-0.037075,-0.056823,-0.090993,0.023837,0.037213,0.043832,0.040346
0.015390,0.054702,-0.001616,0.070332,-0.026248,-0.015773,0.079148,0.105288,-0.094101,0.026783,0.005916,-0.067205,0.046346,0.143910,-0.101520,0.021075,-0.073229,0.194833,0.031753,0.039629,-0.007845,0.016856,0.042112,0.066380,0.026437,-0.061013,-0.074870,0.089293,-0.032616,0.020575,0.010641,-0.054144,-0.072594,-0.066712,-0.024276,0.071754,0.066729,0.023632,-0.003144,-0.071284,0.004451,-0.029649,0.043410,0.004183,-0.017208,0.042215,-0.023101,0.037993,0.090507,0.042024,0.119188,-0.110767,-0.052749,-0.024979,-0.047289,-0.010266,-0.088536,-0.085074,0.010239,-0.095846,0.102205,0.156434,0.067996,-0.012082,0.060490,0.092712,0.148453,-0.038844,-0.060713,-0.071550,-0.065817
0.036888,0.131354,-0.003874,0.168888,-0.062994,-0.037849,0.190035,0.252758,-0.225867,0.064201,0.014185,-0.161330,0.111216,0.345547,-0.243720,0.050617,-0.175835,0.467753,0.076312,0.095117,-0.018828,0.040452,0.101098,0.159354,0.063445,-0.146414,-0.179742,0.214408,-0.078319,0.049383,0.025544,-0.129926,-0.174328,-0.160160,-0.058232,0.172217,0.160294,0.056713,-0.007562,-0.171145,0.010688,-0.071122,0.104183,0.010031,-0.041358,0.101377,-0.055494,0.090507,0.217647,0.100871,0.286142,-0.265921,-0.126662,-0.059959,-0.113534,-0.024604,-0.212570,-0.204288,0.024581,-0.230107,0.245368,0.375592,0.163205,-0.028998,0.145202,0.222510,0.356395,-0.093280,-0.145725,-0.171782,-0.158040
0.017157,0.060993,-0.001798,0.078417,-0.029262,-0.017572,0.088236,0.117369,-0.104911,0.029886,0.006559,-0.074964,0.051646,0.160468,-0.113169,0.023506,-0.081655,0.217198,0.035413,0.044158,-0.008759,0.018777,0.046943,0.073975,0.029430,-0.067982,-0.083443,0.099552,-0.036373,0.022935,0.011845,-0.060331,-0.080932,-0.074408,-0.027020,0.080009,0.074450,0.026336,-0.003510,-0.079477,0.004945,-0.033007,0.048365,0.004669,-0.019221,0.047046,-0.025708,0.042024,0.100871,0.046971,0.132855,-0.123467,-0.058816,-0.027834,-0.052728,-0.011434,-0.098693,-0.094878,0.011418,-0.106859,0.113927,0.174394,0.075768,-0.013451,0.067430,0.103354,0.165493,-0.043317,-0.067660,-0.079761,-0.073386
0.048609,0.172964,-0.005099,0.222434,-0.083014,-0.049860,0.250331,0.332886,-0.297508,0.084646,0.018658,-0.212520,0.146474,0.455077,-0.320994,0.066726,-0.231552,0.616084,0.100391,0.125295,-0.024800,0.053317,0.133167,0.209862,0.083566,-0.192821,-0.236707,0.282353,-0.103139,0.065051,0.033649,-0.171131,-0.229542,-0.210950,-0.076698,0.226860,0.211111,0.074697,-0.009965,-0.225397,0.014076,-0.093710,0.137271,0.013233,-0.054517,0.133526,-0.073089,0.119188,0.286142,0.132855,0.377137,-0.350234,-0.166820,-0.078984,-0.149539,-0.032433,-0.279963,-0.269042,0.032369,-0.303055,0.323143,0.494693,0.214966,-0.038215,0.191317,0.293084,0.469427,-0.122893,-0.191945,-0.226221,-0.208134
-0.045155,-0.160760,0.004717,-0.206684,0.077134,0.046321,-0.232598,-0.309366,0.276461,-0.078675,-0.017351,0.197493,-0.136115,-0.422868,0.298343,-0.061990,0.215193,-0.572502,-0.093325,-0.116415,0.023056,-0.049520,-0.123739,-0.195023,-0.077650,0.179184,0.219964,-0.262397,0.095830,-0.060399,-0.031257,0.159020,0.213337,0.196063,0.071328,-0.210754,-0.196135,-0.069414,0.009229,0.209464,-0.013069,0.087066,-0.127557,-0.012300,0.050659,-0.124075,0.067899,-0.110767,-0.265921,-0.123467,-0.350234,0.325847,0.154941,0.073348,0.138922,0.030126,0.260156,0.250038,-0.030083,0.281637,-0.300282,-0.459692,-0.199750,0.035501,-0.177746,-0.272383,-0.436240,0.114180,0.178402,0.210228,0.193420
-0.021518,-0.076568,0.002253,-0.098430,0.036742,0.022062,-0.110790,-0.147349,0.131670,-0.037468,-0.008262,0.094069,-0.064834,-0.201410,0.142155,-0.029526,0.102494,-0.272684,-0.044450,-0.055440,0.010986,-0.023593,-0.058937,-0.092897,-0.036990,0.085357,0.104771,-0.124981,0.045652,-0.028800,-0.014893,0.075744,0.101611,0.093378,0.033984,-0.100391,-0.093431,-0.033060,0.004392,0.099768,-0.006225,0.041473,-0.060750,-0.005864,0.024121,-0.059107,0.032339,-0.052749,-0.126662,-0.058816,-0.166820,0.154941,0.074204,0.034876,0.066125,0.014353,0.123908,0.119087,-0.014330,0.134141,-0.143021,-0.218950,-0.095140,0.016907,-0.084655,-0.129738,-0.207782,0.054370,0.085023,0.100132,0.092128
-0.010183,-0.036247,0.001057,-0.046604,0.017388,0.010445,-0.052446,-0.069756,0.062342,-0.017743,-0.003915,0.044534,-0.030699,-0.095349,0.067312,-0.013968,0.048520,-0.129093,-0.021046,-0.026242,0.005199,-0.011164,-0.027908,-0.043972,-0.017510,0.040406,0.049595,-0.059178,0.021611,-0.013644,-0.007035,0.035858,0.048098,0.044215,0.016079,-0.047519,-0.044225,-0.015648,0.002082,0.047225,-0.002956,0.019631,-0.028758,-0.002779,0.011418,-0.027977,0.015314,-0.024979,-0.059959,-0.027834,-0.078984,0.073348,0.034876,0.016920,0.031299,0.006791,0.058719,0.056375,-0.006777,0.063504,-0.067708,-0.103655,-0.045042,0.008008,-0.040087,-0.061421,-0.098363,0.025746,0.040260,0.047411,0.043616
-0.019294,-0.068632,0.002017,-0.088240,0.032939,0.019787,-0.099315,-0.132094,0.118027,-0.033575,-0.007422,0.084321,-0.058119,-0.180541,0.127394,-0.026470,0.091872,-0.244430,-0.039835,-0.049709,0.009832,-0.021143,-0.052821,-0.083241,-0.033170,0.076503,0.093909,-0.112017,0.040903,-0.025821,-0.013342,0.067886,0.091101,0.083712,0.030448,-0.089988,-0.083742,-0.029641,0.003945,0.089431,-0.005585,0.037166,-0.054458,-0.005181,0.021622,-0.052964,0.028983,-0.047289,-0.113534,-0.052728,-0.149539,0.138922,0.066125,0.031299,0.059718,0.012866,0.111068,0.106743,-0.012836,0.120253,-0.128209,-0.196261,-0.085295,0.015154,-0.075897,-0.116288,-0.186246,0.048753,0.076187,0.089750,0.082579
-0.004161,-0.014881,0.000433,-0.019127,0.007138,0.004288,-0.021548,-0.028630,0.025592,-0.007297,-0.001612,0.018276,-0.012597,-0.039155,0.027622,-0.005685,0.019948,-0.052996,-0.008662,-0.010776,0.002137,-0.004564,-0.011478,-0.018065,-0.007184,0.016608,0.020374,-0.024269,0.008877,-0.005602,-0.002928,0.014722,0.019739,0.018159,0.006602,-0.019520,-0.018160,-0.006446,0.000894,0.019364,-0.001216,0.008088,-0.011819,-0.001127,0.004685,-0.011481,0.006281,-0.010266,-0.024604,-0.011434,-0.032433,0.030126,0.014353,0.006791,0.012866,0.002937,0.024067,0.023137,-0.002766,0.026062,-0.027809,-0.042565,-0.018466,0.003274,-0.016444,-0.025253,-0.040393,0.010538,0.016507,0.019545,0.017893
-0.036101,-0.128507,0.003784,-0.165221,0.061645,0.037031,-0.185933,-0.247298,0.220998,-0.062896,-0.013873,0.157875,-0.108813,-0.338037,0.238449,-0.049528,0.172014,-0.457645,-0.074601,-0.093047,0.018431,-0.039587,-0.098908,-0.155884,-0.062088,0.143245,0.175829,-0.209745,0.076597,-0.048317,-0.024985,0.127112,0.170551,0.156726,0.057023,-0.168467,-0.156789,-0.055488,0.007373,0.167428,-0.010450,0.069594,-0.101956,-0.009821,0.040485,-0.099171,0.054271,-0.088536,-0.212570,-0.098693,-0.279963,0.260156,0.123908,0.058719,0.111068,0.024067,0.208400,0.199832,-0.024047,0.225130,-0.240029,-0.367461,-0.159674,0.028379,-0.142096,-0.217733,-0.348711,0.091268,0.142576,0.168061,0.154617
-0.034694,-0.123524,0.003639,-0.158761,0.059248,0.035598,-0.178690,-0.237683,0.212397,-0.060446,-0.013339,0.151722,-0.104596,-0.324876,0.229144,-0.047527,0.165268,-0.439820,-0.071659,-0.089420,0.017719,-0.038035,-0.095047,-0.149820,-0.059677,0.137693,0.168945,-0.201595,0.073603,-0.046433,-0.023972,0.122169,0.163897,0.150642,0.054803,-0.161907,-0.150681,-0.053344,0.007109,0.160970,-0.010079,0.066855,-0.097957,-0.009439,0.038915,-0.095330,0.052152,-0.085074,-0.204288,-0.094878,-0.269042,0.250038,0.119087,0.056375,0.106743,0.023137,0.199832,0.192291,-0.023139,0.216352,-0.230662,-0.353134,-0.153495,0.027294,-0.136566,-0.209237,-0.335120,0.087727,0.137021,0.161515,0.148601
0.004225,0.014966,-0.000399,0.019117,-0.007089,-0.004278,0.021504,0.028601,-0.025555,0.007289,0.001617,-0.018246,0.012546,0.039082,-0.027564,0.005781,-0.019832,0.052919,0.008615,0.010739,-0.002167,0.004561,0.011392,0.018011,0.007207,-0.016585,-0.020320,0.024267,-0.008850,0.005586,0.002880,-0.014705,-0.019720,-0.018113,-0.006580,0.019468,0.018167,0.006402,-0.000843,-0.019359,0.001219,-0.008060,0.011808,0.001139,-0.004673,0.011434,-0.006266,0.010239,0.024581,0.011418,0.032369,-0.030083,-0.014330,-0.006777,-0.012836,-0.002766,-0.024047,-0.023139,0.002979,-0.026005,0.027727,0.042488,0.018453,-0.003268,0.016455,0.025174,0.040313,-0.010537,-0.016483,-0.019447,-0.017800
