0.236911,0.093150,0.034816,0.080992,0.182794,0.139626,0.021519,-0.092948,-0.000667,-0.025164,-0.033500,0.055769,0.049304,0.016284,-0.060993,-0.003344,0.111895,0.027408,0.063243,-0.078302,0.106171,0.100483,-0.008641,0.036032,-0.024589,-0.039219,0.054448,-0.022075,-0.008272,-0.087840,-0.138810,-0.008478,0.125229,0.010398,-0.046848,0.003895,0.014944,0.029789,-0.056407,0.037080,0.073862,0.089105,0.151678,-0.124740,0.055424,0.049467,-0.018325,-0.028723,0.063429,-0.045943,0.059653,-0.003106,-0.053506,-0.011813,-0.005347,-0.043526,-0.119488,-0.015208,0.147400,0.060440,0.024004,0.092148,-0.080750,-0.065518,0.067423,-0.002709,0.148398,-0.039210,-0.012183,-0.077150,0.190721
0.093150,0.100912,0.011576,0.037181,0.153705,0.058070,0.089707,-0.038819,-0.012425,-0.051764,-0.030096,-0.071377,0.000962,-0.021211,0.030220,-0.000813,0.118214,0.194986,0.177028,0.003323,0.129657,0.094647,-0.014969,0.100450,0.037240,0.010526,-0.028614,0.007027,0.017083,-0.030978,0.017926,-0.021896,0.041309,-0.008083,-0.081061,-0.041617,-0.030053,0.013671,-0.032294,0.038063,0.016849,-0.084808,0.019695,-0.075314,0.002561,0.034737,-0.038738,-0.018271,0.036376,-0.092554,-0.002456,-0.079347,-0.054356,0.037450,-0.021372,-0.061841,-0.044418,0.020514,0.052050,-0.088344,0.027292,0.234732,0.067297,0.042319,0.034139,0.055110,0.073865,0.011361,0.020683,-0.045396,-0.007736
0.034816,0.011576,0.007890,0.015281,0.021707,0.017625,-0.000197,-0.020652,-0.002051,0.003568,0.001389,0.019665,0.019241,0.005948,-0.016448,-0.007735,0.015843,0.014346,0.010686,-0.006341,0.007739,0.000725,0.001003,0.004968,-0.000223,-0.003822,0.010978,-0.006156,-0.004842,-0.024836,-0.017096,-0.001084,0.001993,-0.006436,-0.003805,-0.001178,-0.002020,0.009276,-0.012877,0.003742,0.008737,0.026884,0.028102,-0.021515,0.013651,0.006912,0.001241,-0.002330,0.010254,-0.001036,-0.008034,-0.010124,-0.003485,-0.002043,-0.010185,-0.004169,-0.023986,-0.007397,0.023666,0.018111,0.014316,0.021607,0.001192,-0.010641,0.003383,-0.008070,0.016935,-0.001910,-0.009756,-0.005751,0.039881
0.080992,0.037181,0.015281,0.082621,0.009235,0.050562,0.031608,0.008559,0.006992,-0.006337,0.001286,0.050846,0.096369,-0.001607,-0.001892,0.018001,0.040055,0.048551,0.015465,-0.044489,0.023827,0.021808,0.035652,0.048778,0.071641,-0.018975,0.070997,0.011936,0.000783,-0.020180,-0.059913,-0.004382,-0.031972,0.016914,-0.019128,-0.037770,-0.047101,-0.008359,-0.030657,-0.014906,0.026866,0.075675,0.111684,-0.033057,0.000112,0.070013,0.030867,0.049718,0.012137,-0.017972,-0.087394,-0.036000,-0.011463,-0.010506,-0.054248,-0.015640,-0.044782,-0.012715,0.069835,0.078226,0.109455,0.056745,0.026189,-0.036353,0.009586,-0.024966,0.106379,0.064269,-0.061990,-0.041865,0.100911
0.182794,0.153705,0.021707,0.009235,0.405371,0.082338,0.106471,-0.135477,-0.026873,-0.104729,-0.042204,-0.090153,-0.084020,-0.036581,0.039966,-0.052791,0.198689,0.250336,0.295651,-0.000689,0.213419,0.200992,-0.030443,0.111319,-0.067319,0.006329,-0.056390,-0.030638,-0.003035,-0.049337,-0.000006,-0.061919,0.233012,-0.049770,-0.214875,-0.015112,0.069470,0.114709,-0.037592,0.162351,0.073983,-0.121165,0.042947,-0.192115,0.111178,0.017825,-0.114561,-0.094311,0.062325,-0.157822,0.146985,-0.071546,-0.036622,-0.037529,0.029076,-0.142068,-0.049033,0.036043,0.081518,-0.129579,-0.088724,0.336128,-0.014611,0.031871,0.045426,0.128917,0.100907,-0.116756,0.027860,-0.100457,-0.008268
0.139626,0.058070,0.017625,0.050562,0.082338,0.138717,-0.022804,-0.053335,0.008910,-0.002747,-0.017718,0.061858,0.065324,0.039846,-0.057472,0.025132,0.096860,-0.091127,0.033044,-0.066022,0.068485,0.061988,-0.025254,-0.025267,-0.001943,-0.066765,0.059784,-0.011111,-0.015242,-0.050302,-0.120077,-0.002669,0.059302,0.049739,0.031465,-0.010609,0.026495,-0.004736,-0.015644,0.027525,0.007520,0.072471,0.116906,-0.109016,-0.029433,0.057656,0.010578,0.027560,0.108118,-0.015152,0.032497,0.029512,-0.001784,-0.007827,-0.033807,-0.011727,-0.071284,-0.013406,0.126619,0.068285,0.067801,0.019097,-0.099227,-0.028734,0.068730,0.000568,0.069708,-0.007071,-0.008442,-0.061389,0.158972
0.021519,0.089707,-0.000197,0.031608,0.106471,-0.022804,0.148353,0.021362,-0.015941,-0.070989,-0.033560,-0.143169,-0.031415,-0.065235,0.095608,0.002722,0.072392,0.318380,0.183238,0.035550,0.118983,0.086171,0.011882,0.166067,0.079639,0.061461,-0.064996,0.031860,0.044411,0.016278,0.098476,-0.021112,-0.003197,-0.028092,-0.123574,-0.055659,-0.083533,-0.003635,-0.031702,0.004941,0.022554,-0.160965,-0.048195,0.006513,0.006322,0.020754,-0.045289,-0.026022,-0.047267,-0.112178,-0.048744,-0.122556,-0.085424,0.063390,-0.005605,-0.066825,-0.003571,0.039466,-0.022836,-0.154491,0.008996,0.274674,0.166197,0.067126,-0.000299,0.063138,0.078607,0.051062,0.027164,-0.022005,-0.127180
-0.092948,-0.038819,-0.020652,0.008559,-0.135477,-0.053335,0.021362,0.111329,0.016419,-0.007139,-0.000983,-0.029810,0.006725,-0.028124,0.062298,0.048885,-0.070321,-0.028596,-0.079502,-0.010281,-0.044246,-0.014008,0.036286,0.017716,0.067402,0.010085,0.018169,0.039456,0.024774,0.089145,0.023210,0.011195,-0.063100,0.037688,0.017453,-0.019409,-0.048712,-0.058515,0.025185,-0.057535,-0.010654,-0.028282,-0.030415,0.100097,-0.054386,0.020755,0.033050,0.051672,-0.061944,0.010421,-0.060061,0.015282,-0.003342,0.007519,0.001977,0.022838,0.062769,0.014362,-0.057022,0.005761,0.031939,-0.085924,0.029939,0.000749,-0.017680,-0.011278,0.016842,0.075155,-0.015095,0.006738,-0.082238
-0.000667,-0.012425,-0.002051,0.006992,-0.026873,0.008910,-0.015941,0.016419,0.007801,0.004026,0.001395,0.022547,0.013233,0.004823,-0.003015,0.014094,-0.013232,-0.061532,-0.040142,-0.020266,-0.015826,-0.000361,0.007302,-0.019248,0.002792,-0.015431,0.024886,0.003169,-0.002490,0.015024,-0.028916,0.003380,0.003207,0.019012,0.016186,0.002399,0.006155,-0.010233,0.007609,-0.006832,0.001887,0.028075,0.021348,0.005922,-0.010767,0.012108,0.013903,0.018459,0.002773,0.012875,0.001113,0.026134,0.011148,-0.014776,-0.000486,0.008878,0.006716,-0.003178,0.008214,0.035896,0.012131,-0.056431,-0.034283,-0.018208,0.004588,-0.009775,0.011324,0.006830,-0.012544,-0.008587,0.021145
-0.025164,-0.051764,0.003568,-0.006337,-0.104729,-0.002747,-0.070989,-0.007139,0.004026,0.055589,0.024913,0.076831,0.043495,0.037353,-0.060446,-0.006732,-0.050277,-0.117730,-0.097707,0.000529,-0.079461,-0.086657,-0.003426,-0.071280,-0.012455,-0.015810,0.027459,-0.012480,-0.018935,-0.031494,-0.025719,0.020155,-0.066596,0.001351,0.088649,0.019649,0.005048,-0.011791,0.003403,-0.034902,-0.025305,0.092401,0.013999,0.020450,-0.013178,-0.015628,0.037277,0.018786,0.012908,0.071862,-0.033106,0.030337,0.030635,-0.001148,-0.018610,0.051518,-0.014596,-0.028933,0.003240,0.077154,0.027780,-0.117764,-0.024411,-0.024422,-0.012502,-0.056505,-0.053929,0.006149,-0.015804,0.037770,0.069798
-0.033500,-0.030096,0.001389,0.001286,-0.042204,-0.017718,-0.033560,-0.000983,0.001395,0.024913,0.029428,0.056128,0.038894,0.013789,-0.014034,-0.013554,-0.020782,-0.041622,-0.031921,0.005686,-0.051152,-0.047646,0.016355,-0.031900,0.006249,-0.009998,0.030189,-0.007538,-0.018967,-0.005957,-0.002399,-0.002450,-0.045963,-0.009428,0.017055,-0.003416,0.009143,0.016046,0.005957,0.003739,-0.012778,0.059518,0.026090,-0.005657,0.008535,0.007189,0.023365,0.029228,0.005904,0.031710,-0.046500,0.001279,0.048626,-0.033870,-0.028982,0.011477,0.011349,-0.015807,-0.002822,0.061476,0.036364,-0.039762,0.001889,-0.013240,-0.027053,-0.022713,-0.026721,0.010798,-0.043782,0.010047,0.032263
0.055769,-0.071377,0.019665,0.050846,-0.090153,0.061858,-0.143169,-0.029810,0.022547,0.076831,0.056128,0.243712,0.145244,0.071216,-0.110519,-0.005363,-0.043283,-0.301079,-0.188160,-0.082008,-0.127808,-0.085557,0.038725,-0.142232,-0.025170,-0.088834,0.161225,-0.033561,-0.062596,-0.045256,-0.172737,0.009538,-0.026801,0.029241,0.093631,0.024673,0.061278,0.026537,0.002412,0.000953,0.012101,0.291354,0.192377,-0.059759,0.028045,0.051114,0.083369,0.083131,0.060587,0.112759,-0.047020,0.094094,0.113510,-0.118472,-0.058300,0.048405,-0.036213,-0.064501,0.096865,0.286189,0.104997,-0.247897,-0.160019,-0.127064,-0.011022,-0.100083,0.019565,-0.003137,-0.126824,-0.021793,0.263301
0.049304,0.000962,0.019241,0.096369,-0.084020,0.065324,-0.031415,0.006725,0.013233,0.043495,0.038894,0.145244,0.183551,0.038641,-0.047141,0.017411,0.026210,-0.054660,-0.038525,-0.047684,-0.043344,-0.055191,0.043306,-0.013544,0.098153,-0.052411,0.126246,0.004795,-0.026194,-0.045196,-0.087249,0.002213,-0.126207,0.028418,0.057280,-0.050189,-0.045797,-0.013073,-0.023345,-0.029175,-0.012632,0.177235,0.163466,-0.049624,-0.031334,0.093867,0.081271,0.112154,0.057660,0.038709,-0.170017,-0.026573,0.051531,-0.032719,-0.116383,0.019337,-0.050489,-0.041850,0.095351,0.179966,0.202608,-0.011776,0.018488,-0.049713,-0.006191,-0.070173,0.065053,0.101921,-0.114629,-0.026961,0.187894
0.016284,-0.021211,0.005948,-0.001607,-0.036581,0.039846,-0.065235,-0.028124,0.004823,0.037353,0.013789,0.071216,0.038641,0.041247,-0.060290,-0.000767,-0.002331,-0.126773,-0.052638,-0.015698,-0.034451,-0.039165,-0.016392,-0.070206,-0.023132,-0.035133,0.031737,-0.016283,-0.022085,-0.034476,-0.051322,0.010275,-0.015807,0.015448,0.070851,0.014480,0.027912,-0.002225,0.004513,-0.002899,-0.020418,0.079200,0.037390,-0.028058,-0.017403,0.001108,0.023909,0.018171,0.051081,0.045905,0.004242,0.038607,0.032179,-0.011069,-0.019029,0.030110,-0.023708,-0.022622,0.037459,0.069320,0.027251,-0.081920,-0.061671,-0.020675,0.012485,-0.030797,-0.032577,-0.012078,-0.009436,0.007285,0.089512
-0.060993,0.030220,-0.016448,-0.001892,0.039966,-0.057472,0.095608,0.062298,-0.003015,-0.060446,-0.014034,-0.110519,-0.047141,-0.060290,0.110239,0.014648,0.015127,0.167172,0.094790,0.025358,0.052522,0.063842,0.025531,0.096717,0.056281,0.039212,-0.039040,0.032385,0.030593,0.077794,0.086773,-0.022193,0.005761,-0.005628,-0.100731,-0.039976,-0.036796,-0.002945,0.010682,0.015681,0.008190,-0.136212,-0.057687,0.033531,-0.005603,0.017382,-0.027373,0.005299,-0.055077,-0.074493,-0.024745,-0.054909,-0.020503,0.005495,0.009094,-0.048937,0.063117,0.039972,-0.059578,-0.102810,-0.010982,0.125749,0.091319,0.049543,-0.019348,0.061510,0.034668,0.037504,0.002886,-0.020696,-0.154734
-0.003344,-0.000813,-0.007735,0.018001,-0.052791,0.025132,0.002722,0.048885,0.014094,-0.006732,-0.013554,-0.005363,0.017411,-0.000767,0.014648,0.044671,-0.006291,-0.064774,-0.038940,-0.032291,0.004628,0.020300,0.004312,-0.003296,0.033968,-0.020190,0.025706,0.020821,0.012465,0.038087,-0.032452,0.008785,-0.007044,0.048051,0.031294,-0.011580,-0.016985,-0.044998,0.012392,-0.027627,-0.006608,-0.002426,0.014096,0.023975,-0.053438,0.029079,0.020777,0.036317,0.006411,0.000168,-0.007748,0.029230,-0.010270,0.010835,-0.003025,0.013043,0.011407,0.006578,0.011860,0.016655,0.033746,-0.053965,-0.029390,-0.006161,0.023430,-0.003090,0.031649,0.037976,0.002346,-0.017689,0.002518
0.111895,0.118214,0.015843,0.040055,0.198689,0.096860,0.072392,-0.070321,-0.013232,-0.050277,-0.020782,-0.043283,0.026210,-0.002331,0.015127,-0.006291,0.166380,0.168537,0.221527,-0.000969,0.148665,0.106788,-0.026211,0.079443,0.033505,-0.016625,-0.011563,-0.003451,-0.000175,-0.049100,-0.001007,-0.033942,0.050471,-0.001728,-0.079204,-0.053810,-0.002371,0.033800,-0.028306,0.075576,0.001965,-0.066730,0.054992,-0.138649,-0.005426,0.055670,-0.037815,0.001399,0.094197,-0.099630,-0.001838,-0.079482,-0.019584,0.015074,-0.050399,-0.075408,-0.051884,0.015734,0.089396,-0.066266,0.059958,0.268142,0.041961,0.050336,0.044475,0.069187,0.064534,0.002180,0.004156,-0.065775,0.035143
0.027408,0.194986,0.014346,0.048551,0.250336,-0.091127,0.318380,-0.028596,-0.061532,-0.117730,-0.041622,-0.301079,-0.054660,-0.126773,0.167172,-0.064774,0.168537,0.835834,0.472955,0.154566,0.237562,0.103664,0.010754,0.373653,0.161247,0.174792,-0.190999,0.042188,0.079450,-0.055133,0.298255,-0.049036,-0.091050,-0.142650,-0.269530,-0.121852,-0.198229,0.039832,-0.098373,0.019203,0.024004,-0.344569,-0.143617,-0.008396,0.061302,-0.000646,-0.111168,-0.095158,-0.099960,-0.228184,-0.169348,-0.352385,-0.177469,0.166874,-0.046815,-0.142617,-0.044883,0.065832,-0.070342,-0.371680,0.023606,0.722667,0.480555,0.184013,-0.044513,0.119646,0.088433,0.097231,0.059058,0.011065,-0.273303
0.063243,0.177028,0.010686,0.015465,0.295651,0.033044,0.183238,-0.079502,-0.040142,-0.097707,-0.031921,-0.188160,-0.038525,-0.052638,0.094790,-0.038940,0.221527,0.472955,0.416695,0.085738,0.231650,0.140689,-0.036748,0.201057,0.070902,0.056517,-0.118063,0.009541,0.027571,-0.048329,0.155205,-0.057785,0.024042,-0.062898,-0.183139,-0.093401,-0.051642,0.058164,-0.043642,0.103199,-0.011100,-0.249160,-0.056009,-0.135242,0.010531,0.030527,-0.095183,-0.045580,0.058532,-0.186538,-0.035734,-0.203655,-0.065246,0.074087,-0.053060,-0.130856,-0.031415,0.051263,0.024004,-0.251019,0.028619,0.536411,0.221559,0.150593,0.017623,0.139450,0.039404,0.015246,0.047595,-0.047111,-0.135100
-0.078302,0.003323,-0.006341,-0.044489,-0.000689,-0.066022,0.035550,-0.010281,-0.020266,0.000529,0.005686,-0.082008,-0.047684,-0.015698,0.025358,-0.032291,-0.000969,0.154566,0.085738,0.081428,0.008194,-0.036483,-0.020464,0.039578,0.006957,0.053997,-0.086787,0.001137,0.011648,-0.013510,0.125013,-0.003042,-0.061271,-0.050241,-0.015929,-0.009934,-0.028408,0.008901,-0.002115,-0.001969,-0.035675,-0.108007,-0.111697,0.029773,-0.000936,-0.048430,-0.028091,-0.037058,-0.024611,-0.017359,-0.029044,-0.070638,-0.017227,0.054451,-0.000386,-0.004136,0.018163,0.013272,-0.069599,-0.120368,-0.033129,0.121625,0.124294,0.075299,-0.030969,0.024422,-0.082826,0.002219,0.043200,0.052194,-0.119360
0.106171,0.129657,0.007739,0.023827,0.213419,0.068485,0.118983,-0.044246,-0.015826,-0.079461,-0.051152,-0.127808,-0.043344,-0.034451,0.052522,0.004628,0.148665,0.237562,0.231650,0.008194,0.180845,0.143476,-0.032578,0.124847,0.025551,0.017622,-0.062495,0.010717,0.028949,-0.019049,0.034869,-0.028247,0.090215,-0.004339,-0.110300,-0.042645,-0.022749,0.013304,-0.029642,0.056798,0.020731,-0.155119,-0.011940,-0.086534,-0.002830,0.027976,-0.066986,-0.042631,0.041907,-0.129009,0.045987,-0.083452,-0.079264,0.054549,0.001275,-0.082746,-0.039552,0.038845,0.048259,-0.154498,-0.010445,0.289733,0.065015,0.067070,0.053211,0.091839,0.080842,-0.008075,0.056947,-0.058244,-0.055087
0.100483,0.094647,0.000725,0.021808,0.200992,0.061988,0.086171,-0.014008,-0.000361,-0.086657,-0.047646,-0.085557,-0.055191,-0.039165,0.063842,0.020300,0.106788,0.103664,0.140689,-0.036483,0.143476,0.164078,-0.007063,0.081662,-0.004587,-0.008465,-0.015255,0.009948,0.019881,0.033581,-0.025233,-0.031094,0.155328,0.021580,-0.122461,-0.020761,0.022122,0.020577,-0.006360,0.070900,0.049662,-0.103369,0.027435,-0.075850,0.017430,0.040070,-0.056650,-0.026349,0.022258,-0.109808,0.095849,-0.010874,-0.043451,-0.014151,0.031471,-0.081899,-0.002484,0.038704,0.046158,-0.081237,-0.039804,0.149776,-0.038317,0.013240,0.050734,0.087202,0.109767,-0.033000,0.024711,-0.085987,-0.037369
-0.008641,-0.014969,0.001003,0.035652,-0.030443,-0.025254,0.011882,0.036286,0.007302,-0.003426,0.016355,0.038725,0.043306,-0.016392,0.025531,0.004312,-0.026211,0.010754,-0.036748,-0.020464,-0.032578,-0.007063,0.048297,0.020458,0.038678,-0.000414,0.050600,0.009883,-0.002406,0.026600,-0.017092,-0.006383,-0.025008,-0.000560,-0.032842,-0.015615,-0.019364,0.006760,-0.003470,-0.008048,0.024302,0.054022,0.053771,0.016643,0.023456,0.033752,0.024107,0.036852,-0.037455,0.004219,-0.061422,-0.008783,0.021436,-0.043134,-0.019641,-0.007716,0.016621,-0.005869,-0.002091,0.067944,0.044918,-0.024650,0.015576,-0.036081,-0.027666,-0.019586,0.051626,0.037159,-0.063699,-0.016820,0.019148
0.036032,0.100450,0.004968,0.048778,0.111319,-0.025267,0.166067,0.017716,-0.019248,-0.071280,-0.031900,-0.142232,-0.013544,-0.070206,0.096717,-0.003296,0.079443,0.373653,0.201057,0.039578,0.124847,0.081662,0.020458,0.191965,0.098539,0.071324,-0.062588,0.033703,0.047146,0.001579,0.105730,-0.021979,-0.023768,-0.039656,-0.136229,-0.065189,-0.105498,-0.001069,-0.045803,-0.002506,0.029339,-0.154268,-0.036494,0.005821,0.016419,0.027389,-0.043190,-0.025743,-0.056508,-0.119154,-0.080414,-0.150539,-0.097215,0.071902,-0.018389,-0.071901,-0.018608,0.036452,-0.017239,-0.153912,0.029002,0.316576,0.203161,0.066425,-0.006616,0.056030,0.096858,0.067202,0.016927,-0.020807,-0.117300
-0.024589,0.037240,-0.000223,0.071641,-0.067319,-0.001943,0.079639,0.067402,0.002792,-0.012455,0.006249,-0.025170,0.098153,-0.023132,0.056281,0.033968,0.033505,0.161247,0.070902,0.006957,0.025551,-0.004587,0.038678,0.098539,0.149532,0.013794,0.029560,0.042159,0.023168,0.016985,0.043738,-0.004478,-0.140862,0.015790,-0.012628,-0.081122,-0.109582,-0.044699,-0.018649,-0.046218,-0.022549,-0.024625,0.031607,0.022146,-0.062327,0.073663,0.038838,0.081025,-0.009070,-0.037644,-0.178848,-0.097547,-0.019711,0.042226,-0.086089,-0.011400,-0.001510,0.005917,0.009181,-0.004642,0.156089,0.143729,0.153343,0.036118,-0.013579,-0.006616,0.063866,0.138777,-0.048619,-0.012426,-0.018707
-0.039219,0.010526,-0.003822,-0.018975,0.006329,-0.066765,0.061461,0.010085,-0.015431,-0.015810,-0.009998,-0.088834,-0.052411,-0.035133,0.039212,-0.020190,-0.016625,0.174792,0.056517,0.053997,0.017622,-0.008465,-0.000414,0.071324,0.013794,0.062370,-0.072597,0.010010,0.025184,0.000684,0.097536,0.000912,-0.029442,-0.044408,-0.043817,-0.004201,-0.046988,-0.001034,-0.014601,-0.020470,0.002829,-0.097445,-0.089515,0.054416,0.020106,-0.039746,-0.029428,-0.047431,-0.064844,-0.028567,-0.018843,-0.064901,-0.052059,0.053348,0.022206,-0.010299,0.008166,0.016891,-0.064744,-0.109669,-0.046931,0.104620,0.115961,0.043635,-0.025187,0.015888,-0.018412,0.008225,0.038900,0.036751,-0.112329
0.054448,-0.028614,0.010978,0.070997,-0.056390,0.059784,-0.064996,0.018169,0.024886,0.027459,0.030189,0.161225,0.126246,0.031737,-0.039040,0.025706,-0.011563,-0.190999,-0.118063,-0.086787,-0.062495,-0.015255,0.050600,-0.062588,0.029560,-0.072597,0.144518,-0.003562,-0.032815,0.004941,-0.142139,-0.000851,-0.012191,0.048112,0.035231,-0.009665,0.021342,0.002555,0.002478,-0.000914,0.022953,0.196813,0.173392,-0.043371,0.001780,0.081168,0.068148,0.093410,0.037464,0.049557,-0.060129,0.060158,0.073333,-0.094971,-0.054696,0.014760,-0.014085,-0.034818,0.085279,0.215133,0.117188,-0.151214,-0.109453,-0.097214,0.001822,-0.058087,0.080177,0.037691,-0.114095,-0.052295,0.182656
-0.022075,0.007027,-0.006156,0.011936,-0.030638,-0.011111,0.031860,0.039456,0.003169,-0.012480,-0.007538,-0.033561,0.004795,-0.016283,0.032385,0.020821,-0.003451,0.042188,0.009541,0.001137,0.010717,0.009948,0.009883,0.033703,0.042159,0.010010,-0.003562,0.019783,0.016317,0.027449,0.021022,0.001679,-0.028909,0.012909,-0.005378,-0.019649,-0.034680,-0.026079,0.001786,-0.021716,-0.005103,-0.036372,-0.015125,0.030123,-0.027717,0.014700,0.006225,0.017544,-0.018585,-0.015891,-0.033844,-0.017656,-0.018353,0.021014,-0.006766,-0.001324,0.014152,0.010615,-0.014926,-0.024607,0.023691,0.024489,0.039904,0.015429,-0.000104,0.005862,0.019327,0.040080,0.002370,-0.002221,-0.040687
-0.008272,0.017083,-0.004842,0.000783,-0.003035,-0.015242,0.044411,0.024774,-0.002490,-0.018935,-0.018967,-0.062596,-0.026194,-0.022085,0.030593,0.012465,-0.000175,0.079450,0.027571,0.011648,0.028949,0.019881,-0.002406,0.047146,0.023168,0.025184,-0.032815,0.016317,0.023276,0.016311,0.035861,0.003788,-0.006387,0.000464,-0.016151,-0.008942,-0.035354,-0.023294,-0.005284,-0.021694,0.002359,-0.066778,-0.042668,0.035128,-0.015149,-0.006485,-0.012466,-0.014890,-0.029176,-0.026082,-0.003898,-0.024726,-0.044488,0.041201,0.014517,-0.005154,0.003691,0.015704,-0.023444,-0.065283,-0.014245,0.050456,0.049119,0.024094,0.005392,0.014030,0.015160,0.019773,0.030824,0.006034,-0.061867
-0.087840,-0.030978,-0.024836,-0.020180,-0.049337,-0.050302,0.016278,0.089145,0.015024,-0.031494,-0.005957,-0.045256,-0.045196,-0.034476,0.077794,0.038087,-0.049100,-0.055133,-0.048329,-0.013510,-0.019049,0.033581,0.026600,0.001579,0.016985,0.000684,0.004941,0.027449,0.016311,0.109500,0.018161,-0.005612,0.025717,0.034871,-0.028139,-0.005055,0.008347,-0.023818,0.041402,-0.001603,0.002380,-0.059411,-0.038290,0.061966,-0.026747,0.011397,0.002693,0.028826,-0.048282,-0.011814,0.021198,0.043303,0.019353,-0.032993,0.032325,-0.005826,0.087732,0.026917,-0.059872,-0.015123,-0.028917,-0.085337,-0.030460,0.002097,-0.011537,0.029029,0.009134,0.017307,-0.006207,-0.017200,-0.109243
-0.138810,0.017926,-0.017096,-0.059913,-0.000006,-0.120077,0.098476,0.023210,-0.028916,-0.025719,-0.002399,-0.172737,-0.087249,-0.051322,0.086773,-0.032452,-0.001007,0.298255,0.155205,0.125013,0.034869,-0.025233,-0.017092,0.105730,0.043738,0.097536,-0.142139,0.021022,0.035861,0.018161,0.217038,-0.009638,-0.093673,-0.069293,-0.059850,-0.032953,-0.069155,-0.000752,-0.000109,-0.009753,-0.047212,-0.218371,-0.189355,0.071437,-0.012436,-0.060856,-0.048811,-0.049349,-0.066847,-0.056871,-0.058825,-0.125994,-0.045611,0.092123,0.005131,-0.022136,0.051355,0.037570,-0.127993,-0.221559,-0.048432,0.224304,0.225153,0.129404,-0.049872,0.057342,-0.096410,0.030180,0.068313,0.068301,-0.242759
-0.008478,-0.021896,-0.001084,-0.004382,-0.061919,-0.002669,-0.021112,0.011195,0.003380,0.020155,-0.002450,0.009538,0.002213,0.010275,-0.022193,0.008785,-0.033942,-0.049036,-0.057785,-0.003042,-0.028247,-0.031094,-0.006383,-0.021979,-0.004478,0.000912,-0.000851,0.001679,0.003788,-0.005612,-0.009638,0.017102,-0.023579,0.008644,0.047809,0.014390,-0.010991,-0.025148,0.000433,-0.035441,-0.007526,0.019136,-0.014380,0.035293,-0.017060,-0.015338,0.013249,-0.002999,-0.009869,0.029501,-0.000425,0.019695,-0.014019,0.022876,0.009259,0.030336,-0.008789,-0.007266,-0.007465,0.010845,-0.005061,-0.064746,-0.009475,-0.008961,0.004179,-0.026124,-0.016049,0.006255,0.016091,0.022099,0.011497
0.125229,0.041309,0.001993,-0.031972,0.233012,0.059302,-0.003197,-0.063100,0.003207,-0.066596,-0.045963,-0.026801,-0.126207,-0.015807,0.005761,-0.007044,0.050471,-0.091050,0.024042,-0.061271,0.090215,0.155328,-0.025008,-0.023768,-0.140862,-0.029442,-0.012191,-0.028909,-0.006387,0.025717,-0.093673,-0.023579,0.281669,0.013028,-0.103919,0.059762,0.125019,0.060737,0.011756,0.103469,0.082282,-0.032687,0.028097,-0.084668,0.084777,-0.019040,-0.076321,-0.086912,0.017197,-0.055888,0.249454,0.097785,-0.012955,-0.075723,0.109951,-0.062278,0.001396,0.024926,0.041887,-0.026309,-0.172554,-0.042075,-0.202953,-0.050025,0.055772,0.072655,0.067902,-0.154715,0.044145,-0.078154,0.010125
0.010398,-0.008083,-0.006436,0.016914,-0.049770,0.049739,-0.028092,0.037688,0.019012,0.001351,-0.009428,0.029241,0.028418,0.015448,-0.005628,0.048051,-0.001728,-0.142650,-0.062898,-0.050241,-0.004339,0.021580,-0.000560,-0.039656,0.015790,-0.044408,0.048112,0.012909,0.000464,0.034871,-0.069293,0.008644,0.013028,0.062275,0.050519,-0.003580,0.010473,-0.040211,0.019966,-0.015109,-0.008669,0.033979,0.041975,0.000511,-0.057082,0.036417,0.028149,0.047117,0.033799,0.014484,0.013469,0.060288,0.012420,-0.011441,-0.005467,0.018266,0.008877,-0.000360,0.034293,0.055551,0.038501,-0.102160,-0.083380,-0.022476,0.033449,-0.007728,0.028012,0.022778,-0.006920,-0.028594,0.044392
-0.046848,-0.081061,-0.003805,-0.019128,-0.214875,0.031465,-0.123574,0.017453,0.016186,0.088649,0.017055,0.093631,0.057280,0.070851,-0.100731,0.031294,-0.079204,-0.269530,-0.183139,-0.015929,-0.110300,-0.122461,-0.032842,-0.136229,-0.012628,-0.043817,0.035231,-0.005378,-0.016151,-0.028139,-0.059850,0.047809,-0.103919,0.050519,0.202560,0.032906,0.002874,-0.071466,0.021963,-0.083818,-0.065772,0.112151,-0.004905,0.054640,-0.092101,-0.022462,0.067154,0.042228,0.047537,0.119110,-0.021901,0.087109,0.025632,0.039178,-0.018037,0.106335,-0.020103,-0.036954,0.012280,0.097117,0.046187,-0.240608,-0.078555,-0.022044,0.019019,-0.085016,-0.096064,0.024279,0.020390,0.059700,0.098268
0.003895,-0.041617,-0.001178,-0.037770,-0.015112,-0.010609,-0.055659,-0.019409,0.002399,0.019649,-0.003416,0.024673,-0.050189,0.014480,-0.039976,-0.011580,-0.053810,-0.121852,-0.093401,-0.009934,-0.042645,-0.020761,-0.015615,-0.065189,-0.081122,-0.004201,-0.009665,-0.019649,-0.008942,-0.005055,-0.032953,0.014390,0.059762,-0.003580,0.032906,0.055026,0.048673,0.007178,0.010282,-0.003660,0.014601,0.035019,-0.022023,0.022795,0.029557,-0.048659,-0.008768,-0.043675,-0.016275,0.043290,0.091267,0.068581,0.001806,-0.014793,0.056082,0.027288,-0.000175,-0.008629,-0.015732,0.020559,-0.089001,-0.136858,-0.089383,-0.035058,0.004100,-0.019194,-0.036123,-0.067254,0.028579,0.021061,0.016227
0.014944,-0.030053,-0.002020,-0.047101,0.069470,0.026495,-0.083533,-0.048712,0.006155,0.005048,0.009143,0.061278,-0.045797,0.027912,-0.036796,-0.016985,-0.002371,-0.198229,-0.051642,-0.028408,-0.022749,0.022122,-0.019364,-0.105498,-0.109582,-0.046988,0.021342,-0.034680,-0.035354,0.008347,-0.069155,-0.010991,0.125019,0.010473,0.002874,0.048673,0.118502,0.049889,0.032186,0.072084,0.011105,0.053648,0.027651,-0.062659,0.038353,-0.019955,-0.016682,-0.019026,0.047117,0.027712,0.134265,0.099414,0.069806,-0.086285,0.041357,-0.004791,0.023116,-0.006581,0.020240,0.060056,-0.081411,-0.136005,-0.170543,-0.039405,0.012705,0.017255,-0.040179,-0.105112,-0.004162,-0.024322,0.049094
0.029789,0.013671,0.009276,-0.008359,0.114709,-0.004736,-0.003635,-0.058515,-0.010233,-0.011791,0.016046,0.026537,-0.013073,-0.002225,-0.002945,-0.044998,0.033800,0.039832,0.058164,0.008901,0.013304,0.020577,0.006760,-0.001069,-0.044699,-0.001034,0.002555,-0.026079,-0.023294,-0.023818,-0.000752,-0.025148,0.060737,-0.040211,-0.071466,0.007178,0.049889,0.071459,-0.006526,0.069237,0.024973,0.020813,0.032173,-0.069024,0.074085,-0.003949,-0.026528,-0.024214,0.012217,-0.018330,0.032237,-0.013819,0.038377,-0.059895,0.000752,-0.040097,-0.001503,-0.003775,0.013471,0.015216,-0.030937,0.057768,-0.018019,-0.011995,-0.018911,0.022610,0.000697,-0.056465,-0.031143,-0.020010,0.021949
-0.056407,-0.032294,-0.012877,-0.030657,-0.037592,-0.015644,-0.031702,0.025185,0.007609,0.003403,0.005957,0.002412,-0.023345,0.004513,0.010682,0.012392,-0.028306,-0.098373,-0.043642,-0.002115,-0.029642,-0.006360,-0.003470,-0.045803,-0.018649,-0.014601,0.002478,0.001786,-0.005284,0.041402,-0.000109,0.000433,0.011756,0.019966,0.021963,0.010282,0.032186,-0.006526,0.031101,0.008005,-0.017788,-0.009092,-0.024072,0.016419,-0.021904,-0.007272,0.005343,0.014890,0.004543,0.018427,0.030350,0.045961,0.034668,-0.023693,0.014458,0.012076,0.044261,0.005350,-0.025543,0.008939,-0.021839,-0.086487,-0.050395,0.002586,-0.002950,0.008790,-0.039145,-0.012703,0.003007,0.002400,-0.033240
0.037080,0.038063,0.003742,-0.014906,0.162351,0.027525,0.004941,-0.057535,-0.006832,-0.034902,0.003739,0.000953,-0.029175,-0.002899,0.015681,-0.027627,0.075576,0.019203,0.103199,-0.001969,0.056798,0.070900,-0.008048,-0.002506,-0.046218,-0.020470,-0.000914,-0.021716,-0.021694,-0.001603,-0.009753,-0.035441,0.103469,-0.015109,-0.083818,-0.003660,0.072084,0.069237,0.008005,0.099301,0.016346,-0.021757,0.032406,-0.102879,0.047421,0.013604,-0.038824,-0.014298,0.049283,-0.047311,0.069258,0.000517,0.045816,-0.066320,0.002098,-0.059401,0.012973,0.010631,0.030058,-0.010573,-0.032138,0.084079,-0.052845,0.007248,0.005621,0.059331,0.007388,-0.065140,-0.017530,-0.048943,0.004647
0.073862,0.016849,0.008737,0.026866,0.073983,0.007520,0.022554,-0.010654,0.001887,-0.025305,-0.012778,0.012101,-0.012632,-0.020418,0.008190,-0.006608,0.001965,0.024004,-0.011100,-0.035675,0.020731,0.049662,0.024302,0.029339,-0.022549,0.002829,0.022953,-0.005103,0.002359,0.002380,-0.047212,-0.007526,0.082282,-0.008669,-0.065772,0.014601,0.011105,0.024973,-0.017788,0.016346,0.061523,0.031464,0.051136,-0.013118,0.063219,0.009517,-0.015474,-0.026024,-0.034447,-0.021083,0.041705,0.009985,-0.021496,-0.035457,0.030626,-0.027262,-0.017179,0.001166,0.021766,0.028162,-0.035756,-0.002956,-0.037980,-0.049993,0.003809,0.000928,0.081254,-0.028928,-0.019384,-0.033402,0.033142
0.089105,-0.084808,0.026884,0.075675,-0.121165,0.072471,-0.160965,-0.028282,0.028075,0.092401,0.059518,0.291354,0.177235,0.079200,-0.136212,-0.002426,-0.066730,-0.344569,-0.249160,-0.108007,-0.155119,-0.103369,0.054022,-0.154268,-0.024625,-0.097445,0.196813,-0.036372,-0.066778,-0.059411,-0.218371,0.019136,-0.032687,0.033979,0.112151,0.035019,0.053648,0.020813,-0.009092,-0.021757,0.031464,0.361638,0.237311,-0.049946,0.042551,0.059320,0.102839,0.090145,0.048586,0.137773,-0.061098,0.110310,0.109177,-0.128783,-0.060203,0.064052,-0.059328,-0.079684,0.117973,0.348139,0.122056,-0.307639,-0.183682,-0.168524,-0.011011,-0.135400,0.050915,0.004110,-0.149047,-0.023047,0.326820
0.151678,0.019695,0.028102,0.111684,0.042947,0.116906,-0.048195,-0.030415,0.021348,0.013999,0.026090,0.192377,0.163466,0.037390,-0.057687,0.014096,0.054992,-0.143617,-0.056009,-0.111697,-0.011940,0.027435,0.053771,-0.036494,0.031607,-0.089515,0.173392,-0.015125,-0.042668,-0.038290,-0.189355,-0.014380,0.028097,0.041975,-0.004905,-0.022023,0.027651,0.032173,-0.024072,0.032406,0.051136,0.237311,0.251941,-0.119171,0.033917,0.114065,0.060335,0.092159,0.074076,0.020106,-0.060594,0.036329,0.067955,-0.113611,-0.077614,-0.017528,-0.062514,-0.042379,0.153114,0.246117,0.150342,-0.066748,-0.121112,-0.117578,0.020008,-0.052126,0.143705,0.028037,-0.139798,-0.091602,0.267122
-0.124740,-0.075314,-0.021515,-0.033057,-0.192115,-0.109016,0.006513,0.100097,0.005922,0.020450,-0.005657,-0.059759,-0.049624,-0.028058,0.033531,0.023975,-0.138649,-0.008396,-0.135242,0.029773,-0.086534,-0.075850,0.016643,0.005821,0.022146,0.054416,-0.043371,0.030123,0.035128,0.061966,0.071437,0.035293,-0.084668,0.000511,0.054640,0.022795,-0.062659,-0.069024,0.016419,-0.102879,-0.013118,-0.049946,-0.119171,0.173195,-0.032354,-0.055041,0.019203,-0.013554,-0.117504,0.047752,-0.030892,0.015951,-0.046282,0.060003,0.049332,0.060792,0.050781,0.009061,-0.115353,-0.048062,-0.051844,-0.133482,0.064025,0.007541,-0.034298,-0.039734,-0.047016,0.043921,0.041566,0.073416,-0.129384
0.055424,0.002561,0.013651,0.000112,0.111178,-0.029433,0.006322,-0.054386,-0.010767,-0.013178,0.008535,0.028045,-0.031334,-0.017403,-0.005603,-0.053438,-0.005426,0.061302,0.010531,-0.000936,-0.002830,0.017430,0.023456,0.016419,-0.062327,0.020106,0.001780,-0.027717,-0.015149,-0.026747,-0.012436,-0.017060,0.084777,-0.057082,-0.092101,0.029557,0.038353,0.074085,-0.021904,0.047421,0.063219,0.042551,0.033917,-0.032354,0.117842,-0.022649,-0.031972,-0.056166,-0.042885,-0.010482,0.049117,-0.008848,0.006553,-0.060042,0.033868,-0.035887,-0.014530,-0.007049,-0.000215,0.024173,-0.072527,0.022539,-0.018548,-0.046491,-0.028202,0.001743,0.033905,-0.070463,-0.029759,-0.011719,0.025468
0.049467,0.034737,0.006912,0.070013,0.017825,0.057656,0.020754,0.020755,0.012108,-0.015628,0.007189,0.051114,0.093867,0.001108,0.017382,0.029079,0.055670,-0.000646,0.030527,-0.048430,0.027976,0.040070,0.033752,0.027389,0.073663,-0.039746,0.081168,0.014700,-0.006485,0.011397,-0.060856,-0.015338,-0.019040,0.036417,-0.022462,-0.048659,-0.019955,-0.003949,-0.007272,0.013604,0.009517,0.059320,0.114065,-0.055041,-0.022649,0.086956,0.032495,0.076869,0.040572,-0.025585,-0.076790,-0.016793,0.026578,-0.038474,-0.063605,-0.025592,-0.010830,-0.004914,0.069562,0.083444,0.120710,0.044619,-0.005331,-0.023305,0.012401,-0.000704,0.090469,0.063073,-0.072799,-0.060242,0.082314
-0.018325,-0.038738,0.001241,0.030867,-0.114561,0.010578,-0.045289,0.033050,0.013903,0.037277,0.023365,0.083369,0.081271,0.023909,-0.027373,0.020777,-0.037815,-0.111168,-0.095183,-0.028091,-0.066986,-0.056650,0.024107,-0.043190,0.038838,-0.029428,0.068148,0.006225,-0.012466,0.002693,-0.048811,0.013249,-0.076321,0.028149,0.067154,-0.008768,-0.016682,-0.026528,0.005343,-0.038824,-0.015474,0.102839,0.060335,0.019203,-0.031972,0.032495,0.055243,0.063472,0.010253,0.052424,-0.075743,0.025027,0.036026,-0.019469,-0.041648,0.037599,-0.001901,-0.023423,0.021083,0.109683,0.084635,-0.108078,-0.020369,-0.036302,-0.009175,-0.052708,0.005763,0.051967,-0.052321,0.004296,0.079141
-0.028723,-0.018271,-0.002330,0.049718,-0.094311,0.027560,-0.026022,0.051672,0.018459,0.018786,0.029228,0.083131,0.112154,0.018171,0.005299,0.036317,0.001399,-0.095158,-0.045580,-0.037058,-0.042631,-0.026349,0.036852,-0.025743,0.081025,-0.047431,0.093410,0.017544,-0.014890,0.028826,-0.049349,-0.002999,-0.086912,0.047117,0.042228,-0.043675,-0.019026,-0.024214,0.014890,-0.014298,-0.026024,0.090145,0.092159,-0.013554,-0.056166,0.076869,0.063472,0.108712,0.038165,0.024967,-0.112676,0.009691,0.064283,-0.042699,-0.076823,0.013845,0.019132,-0.015398,0.038505,0.120970,0.141957,-0.057349,-0.010770,-0.021923,-0.007609,-0.028833,0.029440,0.084417,-0.084457,-0.028275,0.074709
0.063429,0.036376,0.010254,0.012137,0.062325,0.108118,-0.047267,-0.061944,0.002773,0.012908,0.005904,0.060587,0.057660,0.051081,-0.055077,0.006411,0.094197,-0.099960,0.058532,-0.024611,0.041907,0.022258,-0.037455,-0.056508,-0.009070,-0.064844,0.037464,-0.018585,-0.029176,-0.048282,-0.066847,-0.009869,0.017197,0.033799,0.047537,-0.016275,0.047117,0.012217,0.004543,0.049283,-0.034447,0.048586,0.074076,-0.117504,-0.042885,0.040572,0.010253,0.038165,0.129844,-0.001370,0.014757,0.019865,0.045977,-0.016735,-0.052729,-0.006811,-0.038106,-0.013768,0.094283,0.049473,0.070175,0.030202,-0.075378,0.009339,0.044991,0.013145,-0.012945,-0.013364,-0.010241,-0.037003,0.116712
-0.045943,-0.092554,-0.001036,-0.017972,-0.157822,-0.015152,-0.112178,0.010421,0.012875,0.071862,0.031710,0.112759,0.038709,0.045905,-0.074493,0.000168,-0.099630,-0.228184,-0.186538,-0.017359,-0.129009,-0.109808,0.004219,-0.119154,-0.037644,-0.028567,0.049557,-0.015891,-0.026082,-0.011814,-0.056871,0.029501,-0.055888,0.014484,0.119110,0.043290,0.027712,-0.018330,0.018427,-0.047311,-0.021083,0.137773,0.020106,0.047752,-0.010482,-0.025585,0.052424,0.024967,-0.001370,0.109364,-0.009658,0.081807,0.051177,-0.026717,0.000734,0.075264,0.002572,-0.036696,-0.008342,0.126597,0.006913,-0.240450,-0.083831,-0.056345,-0.017739,-0.078554,-0.067036,-0.007937,-0.024766,0.044931,0.086382
0.059653,-0.002456,-0.008034,-0.087394,0.146985,0.032497,-0.048744,-0.060061,0.001113,-0.033106,-0.046500,-0.047020,-0.170017,0.004242,-0.024745,-0.007748,-0.001838,-0.169348,-0.035734,-0.029044,0.045987,0.095849,-0.061422,-0.080414,-0.178848,-0.018843,-0.060129,-0.033844,-0.003898,0.021198,-0.058825,-0.000425,0.249454,0.013469,-0.021901,0.091267,0.134265,0.032237,0.030350,0.069258,0.041705,-0.061098,-0.060594,-0.030892,0.049117,-0.076790,-0.075743,-0.112676,0.014757,-0.009658,0.284132,0.131194,-0.019205,-0.030686,0.138283,-0.013889,0.013489,0.022409,-0.004716,-0.067496,-0.225141,-0.130364,-0.213191,-0.024140,0.056449,0.057237,-0.029995,-0.175827,0.103130,-0.021580,-0.034553
-0.003106,-0.079347,-0.010124,-0.036000,-0.071546,0.029512,-0.122556,0.015282,0.026134,0.030337,0.001279,0.094094,-0.026573,0.038607,-0.054909,0.029230,-0.079482,-0.352385,-0.203655,-0.070638,-0.083452,-0.010874,-0.008783,-0.150539,-0.097547,-0.064901,0.060158,-0.017656,-0.024726,0.043303,-0.125994,0.019695,0.097785,0.060288,0.087109,0.068581,0.099414,-0.013819,0.045961,0.000517,0.009985,0.110310,0.036329,0.015951,-0.008848,-0.016793,0.025027,0.009691,0.019865,0.081807,0.131194,0.168396,0.055239,-0.072552,0.060100,0.050345,0.029842,-0.015672,0.014106,0.123810,-0.069566,-0.319713,-0.230746,-0.082086,0.026712,-0.032585,-0.026191,-0.072164,0.000071,-0.011165,0.078643
-0.053506,-0.054356,-0.003485,-0.011463,-0.036622,-0.001784,-0.085424,-0.003342,0.011148,0.030635,0.048626,0.113510,0.051531,0.032179,-0.020503,-0.010270,-0.019584,-0.177469,-0.065246,-0.017227,-0.079264,-0.043451,0.021436,-0.097215,-0.019711,-0.052059,0.073333,-0.018353,-0.044488,0.019353,-0.045611,-0.014019,-0.012955,0.012420,0.025632,0.001806,0.069806,0.038377,0.034668,0.045816,-0.021496,0.109177,0.067955,-0.046282,0.006553,0.026578,0.036026,0.064283,0.045977,0.051177,-0.019205,0.055239,0.120600,-0.103160,-0.037987,0.008800,0.044331,-0.021514,0.013731,0.131857,0.045682,-0.125478,-0.088378,-0.034389,-0.028537,-0.015337,-0.045607,-0.013394,-0.081158,-0.014993,0.068377
-0.011813,0.037450,-0.002043,-0.010506,-0.037529,-0.007827,0.063390,0.007519,-0.014776,-0.001148,-0.033870,-0.118472,-0.032719,-0.011069,0.005495,0.010835,0.015074,0.166874,0.074087,0.054451,0.054549,-0.014151,-0.043134,0.071902,0.042226,0.053348,-0.094971,0.021014,0.041201,-0.032993,0.092123,0.022876,-0.075723,-0.011441,0.039178,-0.014793,-0.086285,-0.059895,-0.023693,-0.066320,-0.035457,-0.128783,-0.113611,0.060003,-0.060042,-0.038474,-0.019469,-0.042699,-0.016735,-0.026717,-0.030686,-0.072552,-0.103160,0.140699,0.005252,0.019845,-0.036625,0.016333,-0.033130,-0.154093,-0.007784,0.134002,0.135678,0.079226,0.021003,0.006631,-0.032092,0.042728,0.096903,0.052507,-0.090261
-0.005347,-0.021372,-0.010185,-0.054248,0.029076,-0.033807,-0.005605,0.001977,-0.000486,-0.018610,-0.028982,-0.058300,-0.116383,-0.019029,0.009094,-0.003025,-0.050399,-0.046815,-0.053060,-0.000386,0.001275,0.031471,-0.019641,-0.018389,-0.086089,0.022206,-0.054696,-0.006766,0.014517,0.032325,0.005131,0.009259,0.109951,-0.005467,-0.018037,0.056082,0.041357,0.000752,0.014458,0.002098,0.030626,-0.060203,-0.077614,0.049332,0.033868,-0.063605,-0.041648,-0.076823,-0.052729,0.000734,0.138283,0.060100,-0.037987,0.005252,0.097347,0.004356,0.023176,0.017956,-0.050489,-0.065762,-0.149178,-0.089113,-0.070693,-0.011542,0.011078,0.019737,-0.018544,-0.080036,0.068138,0.013916,-0.077372
-0.043526,-0.061841,-0.004169,-0.015640,-0.142068,-0.011727,-0.066825,0.022838,0.008878,0.051518,0.011477,0.048405,0.019337,0.030110,-0.048937,0.013043,-0.075408,-0.142617,-0.130856,-0.004136,-0.082746,-0.081899,-0.007716,-0.071901,-0.011400,-0.010299,0.014760,-0.001324,-0.005154,-0.005826,-0.022136,0.030336,-0.062278,0.018266,0.106335,0.027288,-0.004791,-0.040097,0.012076,-0.059401,-0.027262,0.064052,-0.017528,0.060792,-0.035887,-0.025592,0.037599,0.013845,-0.006811,0.075264,-0.013889,0.050345,0.008800,0.019845,0.004356,0.065175,-0.001660,-0.020571,-0.017046,0.053932,0.005527,-0.160456,-0.033841,-0.021264,-0.003491,-0.056538,-0.055122,0.012190,0.009971,0.045298,0.034340
-0.119488,-0.044418,-0.023986,-0.044782,-0.049033,-0.071284,-0.003571,0.062769,0.006716,-0.014596,0.011349,-0.036213,-0.050489,-0.023708,0.063117,0.011407,-0.051884,-0.044883,-0.031415,0.018163,-0.039552,-0.002484,0.016621,-0.018608,-0.001510,0.008166,-0.014085,0.014152,0.003691,0.087732,0.051355,-0.008789,0.001396,0.008877,-0.020103,-0.000175,0.023116,-0.001503,0.044261,0.012973,-0.017179,-0.059328,-0.062514,0.050781,-0.014530,-0.010830,-0.001901,0.019132,-0.038106,0.002572,0.013489,0.029842,0.044331,-0.036625,0.023176,-0.001660,0.092389,0.020444,-0.076664,-0.024035,-0.038266,-0.069670,-0.009722,0.019713,-0.030609,0.028467,-0.046702,-0.000010,-0.006165,0.006317,-0.118723
-0.015208,0.020514,-0.007397,-0.012715,0.036043,-0.013406,0.039466,0.014362,-0.003178,-0.028933,-0.015807,-0.064501,-0.041850,-0.022622,0.039972,0.006578,0.015734,0.065832,0.051263,0.013272,0.038845,0.038704,-0.005869,0.036452,0.005917,0.016891,-0.034818,0.010615,0.015704,0.026917,0.037570,-0.007266,0.024926,-0.000360,-0.036954,-0.008629,-0.006581,-0.003775,0.005350,0.010631,0.001166,-0.079684,-0.042379,0.009061,-0.007049,-0.004914,-0.023423,-0.015398,-0.013768,-0.036696,0.022409,-0.015672,-0.021514,0.016333,0.017956,-0.020571,0.020444,0.020988,-0.023402,-0.069956,-0.029223,0.058687,0.025172,0.029873,0.004918,0.035450,0.004865,-0.002007,0.026793,-0.006880,-0.073673
0.147400,0.052050,0.023666,0.069835,0.081518,0.126619,-0.022836,-0.057022,0.008214,0.003240,-0.002822,0.096865,0.095351,0.037459,-0.059578,0.011860,0.089396,-0.070342,0.024004,-0.069599,0.048259,0.046158,-0.002091,-0.017239,0.009181,-0.064744,0.085279,-0.014926,-0.023444,-0.059872,-0.127993,-0.007465,0.041887,0.034293,0.012280,-0.015732,0.020240,0.013471,-0.025543,0.030058,0.021766,0.117973,0.153114,-0.115353,-0.000215,0.069562,0.021083,0.038505,0.094283,-0.008342,-0.004716,0.014106,0.013731,-0.033130,-0.050489,-0.017046,-0.076664,-0.023402,0.132828,0.111330,0.092145,0.023560,-0.083107,-0.050153,0.048784,-0.015744,0.089256,0.002748,-0.047111,-0.064707,0.189648
