1.245318,0.385801,0.427134,0.578274,-0.030709,-0.204611,-0.239263,-0.151971,0.385674,0.139852,0.288659,0.038065,-0.040948,0.103048,0.024697,0.183083,0.227301,-0.056119,-0.532411,0.477546,-0.323514,-1.069333,0.090022,-0.272159,0.023809,-0.287558,0.104595,-0.572319,0.100906,0.021794,0.009977,0.232805,0.268060,0.048899,-0.039633,-0.150235,0.060888,-0.005756,-0.103025,-0.173773,-0.042503,-0.251094,-0.307661,0.395554,0.091671,0.024149,-0.400572,0.338952,0.060401,-0.364194,0.135254,0.534913,-0.037528,0.430013,-0.218409,-0.039908,0.210293,-0.052930,0.415043,0.001867,-0.314586,0.441315,0.033225,-0.453981,-0.386188,-0.617239,-0.248016,0.193519,0.117610,-0.282779,-0.139776
0.385801,0.188390,0.132322,0.181938,0.071728,-0.033951,-0.036958,-0.051381,0.078617,0.036044,0.143691,-0.057732,0.005673,0.034130,0.011358,0.019960,0.142860,-0.044349,-0.118281,0.089029,-0.019334,-0.365503,0.058205,-0.083658,-0.007410,0.004145,0.081963,-0.188501,-0.053587,0.014339,0.012261,0.104850,0.046683,-0.096126,0.024125,-0.035827,0.002540,0.094370,-0.036916,-0.004672,0.023525,-0.053353,-0.198435,0.070995,0.086316,-0.029267,-0.081585,0.045250,0.118373,-0.020433,-0.095960,0.101075,-0.020328,0.120670,-0.116124,0.002258,0.142446,-0.060231,0.135569,-0.078680,-0.015811,0.154563,-0.029525,-0.147069,-0.170128,-0.196307,0.009078,0.055850,-0.070994,-0.028998,-0.073927
0.427134,0.132322,0.192206,0.227682,-0.082214,-0.111172,-0.077495,0.050871,0.182465,0.046923,0.138115,-0.012341,-0.057749,0.075300,0.005305,0.126726,0.027734,-0.036529,-0.167265,0.201520,-0.119115,-0.434024,0.086608,-0.074586,-0.007958,-0.181068,-0.056113,-0.254876,0.047470,0.013044,-0.030033,0.158256,0.219868,0.107661,0.059847,-0.030996,0.015694,-0.004101,-0.044790,-0.075677,0.015042,-0.131417,-0.137300,0.102577,0.048396,-0.022279,-0.093117,0.172296,0.025193,-0.127780,0.173578,0.179875,-0.087731,0.123471,-0.127893,-0.085017,0.002035,0.035189,0.125217,-0.035795,-0.047707,0.242299,-0.001721,-0.202895,-0.135394,-0.328603,-0.132546,0.125078,-0.070130,-0.236371,-0.073691
0.578274,0.181938,0.227682,0.287562,-0.057011,-0.120161,-0.106653,-0.004549,0.209648,0.063961,0.161370,-0.001504,-0.046309,0.073632,0.009603,0.124620,0.076244,-0.038272,-0.235459,0.243580,-0.152148,-0.541172,0.078864,-0.114295,0.000086,-0.182679,-0.008515,-0.303865,0.051642,0.014015,-0.016488,0.159828,0.205176,0.076557,0.030258,-0.056119,0.024279,-0.000097,-0.054121,-0.089021,0.000803,-0.144718,-0.167503,0.160306,0.055826,-0.009901,-0.155812,0.190955,0.035020,-0.167171,0.138905,0.243436,-0.065881,0.183734,-0.137447,-0.063766,0.055770,0.007912,0.181988,-0.025775,-0.104064,0.264094,0.005381,-0.241397,-0.183284,-0.361938,-0.142165,0.127433,-0.020786,-0.218488,-0.082709
-0.030709,0.071728,-0.082214,-0.057011,0.209245,0.104066,0.042582,-0.163055,-0.136469,-0.010366,-0.004417,-0.043093,0.091282,-0.062679,0.008728,-0.148249,0.158752,-0.003276,0.044111,-0.140508,0.116277,0.091566,-0.053943,-0.021977,0.007243,0.246541,0.200293,0.092833,-0.122840,-0.000323,0.063067,-0.090160,-0.250303,-0.275205,-0.071322,-0.015881,-0.012578,0.116983,0.011472,0.087560,-0.002137,0.106128,-0.064240,-0.018644,0.039491,0.004026,-0.009456,-0.166850,0.109119,0.122518,-0.365694,-0.083844,0.108160,0.012283,0.031346,0.130196,0.196076,-0.134146,0.024905,-0.036395,0.009652,-0.132564,-0.027239,0.077683,-0.045486,0.192693,0.182058,-0.101772,0.043703,0.294934,0.007738
-0.204611,-0.033951,-0.111172,-0.120161,0.104066,0.083194,0.051072,-0.069373,-0.125873,-0.025139,-0.059316,-0.013155,0.053797,-0.051864,0.000366,-0.103190,0.038703,0.013209,0.093644,-0.137531,0.095092,0.221475,-0.051849,0.028129,0.004236,0.161110,0.086581,0.141842,-0.064405,-0.005339,0.032294,-0.094634,-0.174425,-0.137192,-0.043855,0.010833,-0.012307,0.043966,0.023267,0.064008,-0.003911,0.092372,0.034993,-0.057323,-0.005520,0.007764,0.044245,-0.131552,0.028657,0.101910,-0.195340,-0.112307,0.069646,-0.054463,0.062733,0.076837,0.061417,-0.057915,-0.049828,-0.001490,0.032564,-0.146510,-0.010696,0.114224,0.044506,0.204184,0.120100,-0.086247,0.033919,0.196638,0.033005
-0.239263,-0.036958,-0.077495,-0.106653,0.042582,0.051072,0.066585,0.037162,-0.091148,-0.030913,-0.022247,-0.047407,0.013424,-0.014622,-0.003067,-0.048628,-0.009597,-0.005519,0.129030,-0.119787,0.105054,0.180289,0.004668,0.054569,-0.014164,0.097358,-0.002542,0.098065,-0.063912,0.000460,-0.000330,-0.019215,-0.058344,-0.060374,0.034637,0.036725,-0.021052,0.052814,0.016146,0.058318,0.030937,0.056907,0.000262,-0.107150,0.015345,-0.027534,0.104362,-0.091786,0.042641,0.119580,-0.087671,-0.138041,-0.004983,-0.091806,0.010493,0.008418,-0.005688,-0.008148,-0.077712,-0.046793,0.110555,-0.066056,-0.029211,0.079040,0.046657,0.104149,0.089301,-0.033538,-0.091652,0.072025,0.007747
-0.151971,-0.051381,0.050871,-0.004549,-0.163055,-0.069373,0.037162,0.251429,0.068660,-0.019024,0.049522,-0.057645,-0.094741,0.077456,-0.010393,0.124194,-0.145592,-0.030478,0.096703,0.030519,0.016045,-0.019045,0.112929,0.075521,-0.038386,-0.156749,-0.223424,-0.061573,0.022039,0.009434,-0.077241,0.146429,0.258185,0.206065,0.168258,0.064008,-0.018163,-0.010111,-0.008439,-0.018168,0.069707,-0.073070,-0.027700,-0.119743,0.023420,-0.069601,0.146138,0.088822,-0.003512,0.032232,0.279104,-0.069353,-0.163787,-0.105898,-0.089853,-0.156969,-0.188677,0.129553,-0.089795,-0.077453,0.169096,0.150196,-0.031146,-0.050684,0.043707,-0.188093,-0.082243,0.109090,-0.256889,-0.283641,-0.039135
0.385674,0.078617,0.182465,0.209648,-0.136469,-0.125873,-0.091148,0.068660,0.198860,0.046469,0.100118,0.025171,-0.071603,0.074510,0.001972,0.148761,-0.027792,-0.020349,-0.175745,0.224337,-0.157201,-0.384743,0.071140,-0.064067,-0.001543,-0.234991,-0.098097,-0.234969,0.095797,0.008360,-0.039099,0.138813,0.245157,0.181093,0.046775,-0.030351,0.022834,-0.061228,-0.039313,-0.100685,-0.002428,-0.142041,-0.068951,0.116763,0.012609,-0.004274,-0.100675,0.202023,-0.035550,-0.170828,0.263484,0.200116,-0.088696,0.114252,-0.097065,-0.099403,-0.057781,0.068239,0.105570,0.007641,-0.079809,0.225969,0.019527,-0.188633,-0.092835,-0.316570,-0.180007,0.126878,-0.021138,-0.275506,-0.053402
0.139852,0.036044,0.046923,0.063961,-0.010366,-0.025139,-0.030913,-0.019024,0.046469,0.016588,0.025776,0.012218,-0.005528,0.010428,0.002455,0.022942,0.019058,-0.003051,-0.065094,0.058975,-0.044696,-0.114915,0.005593,-0.031074,0.004606,-0.040226,0.008664,-0.061733,0.020012,0.001517,0.000937,0.020849,0.030951,0.015120,-0.010016,-0.018472,0.008736,-0.010768,-0.010822,-0.024345,-0.009357,-0.029734,-0.022914,0.050647,0.003778,0.007313,-0.050534,0.043080,-0.003891,-0.050587,0.026784,0.066991,-0.001542,0.050184,-0.018161,-0.004366,0.017081,-0.002571,0.046291,0.009460,-0.045375,0.045552,0.008254,-0.049204,-0.037960,-0.066043,-0.035813,0.020809,0.027153,-0.034696,-0.011844
0.288659,0.143691,0.138115,0.161370,-0.004417,-0.059316,-0.022247,0.049522,0.100118,0.025776,0.143224,-0.067757,-0.032401,0.059821,0.005936,0.068169,0.066846,-0.049078,-0.073481,0.096524,-0.018157,-0.332449,0.092495,-0.046512,-0.019957,-0.063677,-0.015394,-0.191630,-0.032536,0.015800,-0.019101,0.146891,0.142945,0.001349,0.082397,-0.008790,-0.003216,0.072727,-0.035899,-0.015257,0.044473,-0.077696,-0.179881,0.022703,0.081452,-0.049547,-0.021427,0.079410,0.096455,-0.013996,0.031472,0.069935,-0.079640,0.069224,-0.134215,-0.058770,0.049727,-0.001182,0.087007,-0.093239,0.043013,0.194225,-0.034934,-0.150686,-0.131873,-0.247157,-0.030346,0.091854,-0.152040,-0.138611,-0.078601
0.038065,-0.057732,-0.012341,-0.001504,-0.043093,-0.013155,-0.047407,-0.057645,0.025171,0.012218,-0.067757,0.085641,0.004510,-0.021342,-0.001223,0.007133,-0.038272,0.035156,-0.071976,0.053117,-0.087116,0.039333,-0.058913,-0.019433,0.024669,-0.057105,0.004340,0.026429,0.081654,-0.010098,0.009682,-0.069601,-0.026311,0.063330,-0.078899,-0.026878,0.021254,-0.096166,0.007164,-0.046033,-0.054866,-0.007129,0.112540,0.082632,-0.065141,0.054889,-0.079880,0.039540,-0.101336,-0.102938,0.072604,0.083679,0.049340,0.039210,0.071802,0.023720,-0.032642,0.012954,0.015235,0.100441,-0.125663,-0.055182,0.048554,0.018876,0.040838,0.051371,-0.067986,-0.022624,0.173681,0.009747,0.041024
-0.040948,0.005673,-0.057749,-0.046309,0.091282,0.053797,0.013424,-0.094741,-0.071603,-0.005528,-0.032401,0.004510,0.048136,-0.041028,0.003198,-0.077029,0.059936,0.011190,0.015283,-0.067557,0.040055,0.090385,-0.048215,-0.008833,0.010709,0.113252,0.097825,0.071897,-0.038291,-0.004019,0.034126,-0.073935,-0.140955,-0.118305,-0.059272,-0.011849,-0.001394,0.027913,0.011094,0.034239,-0.017150,0.058138,0.012994,0.004907,-0.003778,0.018696,-0.017833,-0.080729,0.020341,0.039390,-0.162992,-0.031416,0.070553,0.005489,0.044941,0.073479,0.080811,-0.061024,0.004602,0.013643,-0.025429,-0.096779,0.000826,0.058391,0.002021,0.130813,0.076537,-0.063641,0.073168,0.158349,0.021075
0.103048,0.034130,0.075300,0.073632,-0.062679,-0.051864,-0.014622,0.077456,0.074510,0.010428,0.059821,-0.021342,-0.041028,0.043661,-0.000618,0.069927,-0.022835,-0.020640,-0.029127,0.070658,-0.031306,-0.148461,0.057203,-0.006076,-0.012624,-0.092963,-0.070283,-0.098997,0.016892,0.006919,-0.028162,0.088946,0.132997,0.080022,0.062166,0.005900,-0.000040,0.000746,-0.016960,-0.026890,0.023573,-0.059648,-0.056591,0.002097,0.024278,-0.025933,0.006974,0.075187,0.012139,-0.029649,0.118126,0.039041,-0.068916,0.014155,-0.066004,-0.065272,-0.041488,0.040897,0.019547,-0.034274,0.029312,0.116696,-0.010010,-0.079088,-0.036138,-0.153570,-0.059326,0.067276,-0.090420,-0.143531,-0.035088
0.024697,0.011358,0.005305,0.009603,0.008728,0.000366,-0.003067,-0.010393,0.001972,0.002455,0.005936,-0.001223,0.003198,-0.000618,0.001129,-0.002789,0.011892,-0.001367,-0.009118,0.003685,-0.001502,-0.018394,-0.000448,-0.006664,0.000791,0.005034,0.011117,-0.007892,-0.003460,0.000456,0.003012,0.000945,-0.005508,-0.011322,-0.003917,-0.003830,0.000694,0.005208,-0.001658,0.000317,-0.000925,-0.000527,-0.009449,0.007372,0.003761,0.000618,-0.008730,-0.000379,0.006251,-0.002058,-0.013556,0.007409,0.004018,0.009548,-0.003248,0.004944,0.013196,-0.007113,0.009801,-0.001702,-0.006019,0.003412,-0.000572,-0.006080,-0.010182,-0.004411,0.002998,-0.000453,0.004193,0.007213,-0.002633
0.183083,0.019960,0.126726,0.124620,-0.148249,-0.103190,-0.048628,0.124194,0.148761,0.022942,0.068169,0.007133,-0.077029,0.069927,-0.002789,0.136189,-0.075581,-0.018059,-0.081700,0.154500,-0.102212,-0.233089,0.075107,-0.014088,-0.011176,-0.207512,-0.139883,-0.160189,0.078167,0.006947,-0.050266,0.126515,0.237939,0.193889,0.077555,0.000919,0.010387,-0.055196,-0.025691,-0.074332,0.015633,-0.113403,-0.034643,0.039350,0.006270,-0.019638,-0.019608,0.160212,-0.038098,-0.106909,0.271628,0.108145,-0.105687,0.036302,-0.080404,-0.113518,-0.108513,0.090359,0.033319,-0.008406,-0.005575,0.182673,0.007795,-0.129399,-0.033907,-0.251684,-0.148842,0.112840,-0.080000,-0.268064,-0.040253
0.227301,0.142860,0.027734,0.076244,0.158752,0.038703,-0.009597,-0.145592,-0.027792,0.019058,0.066846,-0.038272,0.059936,-0.022835,0.011892,-0.075581,0.173144,-0.019647,-0.064956,-0.016370,0.035128,-0.157263,-0.012979,-0.069631,0.006494,0.136343,0.172457,-0.051824,-0.085057,0.005840,0.048252,-0.009273,-0.130053,-0.208188,-0.049672,-0.038726,-0.000331,0.102527,-0.013671,0.037729,-0.001696,0.029715,-0.129774,0.054344,0.059055,-0.000649,-0.077069,-0.062677,0.111016,0.033928,-0.260340,0.033543,0.066327,0.091700,-0.032623,0.086570,0.196875,-0.114488,0.101963,-0.043003,-0.037633,-0.000628,-0.021422,-0.037685,-0.120440,0.010529,0.097409,-0.033577,0.029870,0.163365,-0.029462
-0.056119,-0.044349,-0.036529,-0.038272,-0.003276,0.013209,-0.005519,-0.030478,-0.020349,-0.003051,-0.049078,0.035156,0.011190,-0.020640,-0.001367,-0.018059,-0.019647,0.019854,-0.000142,-0.012738,-0.014054,0.087069,-0.037041,0.004906,0.010844,0.007629,0.010697,0.052366,0.023842,-0.006064,0.008633,-0.053006,-0.046279,0.006999,-0.040303,-0.005213,0.005619,-0.036636,0.010184,-0.005349,-0.023685,0.018883,0.066321,0.014919,-0.033246,0.024891,-0.015390,-0.013078,-0.043490,-0.018725,-0.000229,0.002598,0.033456,-0.005359,0.048905,0.023084,-0.013229,-0.000647,-0.014923,0.044767,-0.040632,-0.061285,0.019114,0.040873,0.038290,0.074085,-0.004523,-0.029344,0.078651,0.042554,0.028067
-0.532411,-0.118281,-0.167265,-0.235459,0.044111,0.093644,0.129030,0.096703,-0.175745,-0.065094,-0.073481,-0.071976,0.015283,-0.029127,-0.009118,-0.081700,-0.064956,-0.000142,0.264615,-0.231456,0.190449,0.411382,0.000807,0.123139,-0.025658,0.158467,-0.042057,0.217416,-0.096365,-0.002300,-0.009310,-0.050971,-0.096223,-0.065797,0.066348,0.078442,-0.038861,0.066979,0.037470,0.102232,0.053017,0.108708,0.050918,-0.215234,0.005787,-0.045522,0.215008,-0.166598,0.043301,0.217438,-0.108545,-0.273767,-0.015046,-0.200459,0.042692,0.002977,-0.061076,0.010876,-0.178521,-0.066802,0.210132,-0.145959,-0.045571,0.173895,0.129935,0.221144,0.148368,-0.065807,-0.160318,0.113774,0.030337
0.477546,0.089029,0.201520,0.243580,-0.140508,-0.137531,-0.119787,0.030519,0.224337,0.058975,0.096524,0.053117,-0.067557,0.070658,0.003685,0.154500,-0.016370,-0.012738,-0.231456,0.264918,-0.200082,-0.436335,0.054650,-0.089448,0.008511,-0.258227,-0.078327,-0.258306,0.121994,0.006464,-0.031650,0.126016,0.239626,0.189110,0.014313,-0.049856,0.033039,-0.086304,-0.043028,-0.122026,-0.023254,-0.154650,-0.055941,0.168493,-0.000433,0.015461,-0.153447,0.227459,-0.058468,-0.221155,0.275008,0.257519,-0.068785,0.155816,-0.086033,-0.086757,-0.043456,0.061298,0.139033,0.038476,-0.140841,0.229111,0.036023,-0.207573,-0.107292,-0.328929,-0.207926,0.126291,0.045832,-0.273765,-0.048657
-0.323514,-0.019334,-0.119115,-0.152148,0.116277,0.095092,0.105054,0.016045,-0.157201,-0.044696,-0.018157,-0.087116,0.040055,-0.031306,-0.001502,-0.102212,0.035128,-0.014054,0.190449,-0.200082,0.180850,0.249552,0.002277,0.068156,-0.020737,0.199073,0.047513,0.145982,-0.128304,0.002267,0.014146,-0.035973,-0.135207,-0.159775,0.040030,0.047985,-0.034092,0.114966,0.022563,0.105832,0.048914,0.102048,-0.035669,-0.157492,0.041274,-0.044018,0.146175,-0.168325,0.100713,0.203790,-0.219935,-0.214352,0.012866,-0.122196,0.009187,0.040288,0.048775,-0.047289,-0.096620,-0.087195,0.167004,-0.109871,-0.053111,0.118812,0.041465,0.175227,0.173955,-0.065597,-0.137193,0.167256,0.004920
-1.069333,-0.365503,-0.434024,-0.541172,0.091566,0.221475,0.180289,-0.019045,-0.384743,-0.114915,-0.332449,0.039333,0.090385,-0.148461,-0.018394,-0.233089,-0.157263,0.087069,0.411382,-0.436335,0.249552,1.034513,-0.174517,0.205749,0.010656,0.321981,0.021020,0.583356,-0.063389,-0.030694,0.036122,-0.331671,-0.400517,-0.120498,-0.092224,0.093422,-0.036514,-0.039757,0.104865,0.148459,-0.025384,0.270186,0.362306,-0.265282,-0.132497,0.042591,0.257615,-0.343883,-0.108056,0.270992,-0.234900,-0.421897,0.146815,-0.327647,0.289698,0.132068,-0.115795,-0.011309,-0.334591,0.091467,0.140869,-0.521788,0.010574,0.462546,0.361073,0.704746,0.240179,-0.250611,0.115167,0.418968,0.173209
0.090022,0.058205,0.086608,0.078864,-0.053943,-0.051849,0.004668,0.112929,0.071140,0.005593,0.092495,-0.058913,-0.048215,0.057203,-0.000448,0.075107,-0.012979,-0.037041,0.000807,0.054650,0.002277,-0.174517,0.088063,0.003533,-0.024492,-0.080377,-0.082934,-0.117853,-0.014362,0.011719,-0.036086,0.126992,0.159567,0.065509,0.102845,0.018960,-0.009139,0.039353,-0.021193,-0.010559,0.049252,-0.062684,-0.106474,-0.034532,0.052820,-0.051764,0.043838,0.066619,0.053734,0.010886,0.104385,0.005807,-0.097965,-0.003776,-0.101830,-0.083554,-0.036346,0.042017,0.012090,-0.079221,0.086744,0.150805,-0.031151,-0.093274,-0.053725,-0.189618,-0.038060,0.083859,-0.173718,-0.164823,-0.055057
-0.272159,-0.083658,-0.074586,-0.114295,-0.021977,0.028129,0.054569,0.075521,-0.064067,-0.031074,-0.046512,-0.019433,-0.008833,-0.006076,-0.006664,-0.014088,-0.069631,0.004906,0.123139,-0.089448,0.068156,0.205749,0.003533,0.067295,-0.011966,0.029858,-0.060202,0.100936,-0.017566,-0.002406,-0.015855,-0.018353,-0.006352,0.025618,0.039202,0.041386,-0.015603,0.001300,0.018590,0.031833,0.021823,0.036488,0.053204,-0.100560,-0.012507,-0.018201,0.106148,-0.051608,-0.010408,0.079307,0.021418,-0.119012,-0.022663,-0.103983,0.025506,-0.020464,-0.074044,0.033083,-0.097707,-0.016155,0.094287,-0.058910,-0.013016,0.079757,0.082731,0.086813,0.035490,-0.018211,-0.072145,0.005059,0.019666
0.023809,-0.007410,-0.007958,0.000086,0.007243,0.004236,-0.014164,-0.038386,-0.001543,0.004606,-0.019957,0.024669,0.010709,-0.012624,0.000791,-0.011176,0.006494,0.010844,-0.025658,0.008511,-0.020737,0.010656,-0.024492,-0.011966,0.009410,0.003563,0.023847,0.012157,0.015656,-0.003180,0.010036,-0.030289,-0.032244,-0.007212,-0.034549,-0.012457,0.006512,-0.020061,0.002446,-0.008226,-0.019173,0.005935,0.027541,0.030364,-0.016709,0.019185,-0.032453,-0.000447,-0.021882,-0.025867,-0.012676,0.025423,0.027604,0.019417,0.024966,0.021291,0.012144,-0.010437,0.012523,0.029958,-0.044860,-0.027523,0.013866,0.009360,0.004523,0.030577,-0.006462,-0.016113,0.064406,0.031213,0.013025
-0.287558,0.004145,-0.181068,-0.182679,0.246541,0.161110,0.097358,-0.156749,-0.234991,-0.040226,-0.063677,-0.057105,0.113252,-0.092963,0.005034,-0.207512,0.136343,0.007629,0.158467,-0.258227,0.199073,0.321981,-0.080377,0.029858,0.003563,0.341661,0.209093,0.222758,-0.161521,-0.004804,0.070519,-0.150933,-0.342117,-0.326167,-0.074090,0.012157,-0.026784,0.135494,0.034060,0.135777,0.006061,0.172877,-0.011332,-0.101441,0.026717,-0.000181,0.070170,-0.260441,0.113018,0.214475,-0.447678,-0.204642,0.132029,-0.072944,0.080404,0.157812,0.182754,-0.143447,-0.055473,-0.042043,0.074634,-0.241890,-0.037945,0.181342,0.026047,0.346679,0.259427,-0.156255,0.026702,0.396366,0.037281
0.104595,0.081963,-0.056113,-0.008515,0.200293,0.086581,-0.002542,-0.223424,-0.098097,0.008664,-0.015394,0.004340,0.097825,-0.070283,0.011117,-0.139883,0.172457,0.010697,-0.042057,-0.078327,0.047513,0.021020,-0.082934,-0.060202,0.023847,0.209093,0.229908,0.061882,-0.078565,-0.003924,0.074842,-0.114822,-0.261402,-0.259157,-0.125061,-0.046288,0.003851,0.073056,0.006781,0.053220,-0.036811,0.087787,-0.036104,0.062792,0.015269,0.037140,-0.092257,-0.127485,0.067816,0.041704,-0.344203,0.005624,0.141416,0.075482,0.053491,0.150891,0.214581,-0.143500,0.074434,0.016490,-0.088903,-0.133290,0.000571,0.052319,-0.062922,0.180001,0.136734,-0.104992,0.155095,0.299279,0.018095
-0.572319,-0.188501,-0.254876,-0.303865,0.092833,0.141842,0.098065,-0.061573,-0.234969,-0.061733,-0.191630,0.026429,0.071897,-0.098997,-0.007892,-0.160189,-0.051824,0.052366,0.217416,-0.258306,0.145982,0.583356,-0.117853,0.100936,0.012157,0.222758,0.061882,0.340119,-0.049056,-0.018400,0.036829,-0.212905,-0.281414,-0.120996,-0.081918,0.040956,-0.018656,-0.010260,0.060290,0.092508,-0.024441,0.169543,0.198956,-0.130954,-0.073296,0.034098,0.120379,-0.217967,-0.049716,0.156027,-0.202930,-0.230727,0.114708,-0.164788,0.176245,0.107487,-0.019292,-0.036990,-0.169863,0.058753,0.054080,-0.322401,0.008028,0.270281,0.189477,0.434477,0.160926,-0.163600,0.105161,0.299252,0.102277
0.100906,-0.053587,0.047470,0.051642,-0.122840,-0.064405,-0.063912,0.022039,0.095797,0.020012,-0.032536,0.081654,-0.038291,0.016892,-0.003460,0.078167,-0.085057,0.023842,-0.096365,0.121994,-0.128304,-0.063389,-0.014362,-0.017566,0.015656,-0.161521,-0.078565,-0.049056,0.116525,-0.006030,-0.019900,0.000581,0.102608,0.166816,-0.027449,-0.019633,0.023596,-0.119677,-0.004830,-0.079254,-0.040363,-0.063253,0.093302,0.086318,-0.059227,0.038661,-0.072427,0.116946,-0.116773,-0.144290,0.216794,0.122064,-0.013383,0.043563,0.027153,-0.041353,-0.098044,0.064772,0.020242,0.087638,-0.109248,0.039349,0.048103,-0.042129,0.030189,-0.076664,-0.139447,0.037302,0.110916,-0.134447,0.019194
0.021794,0.014339,0.013044,0.014015,-0.000323,-0.005339,0.000460,0.009434,0.008360,0.001517,0.015800,-0.010098,-0.004019,0.006919,0.000456,0.006947,0.005840,-0.006064,-0.002300,0.006464,0.002267,-0.030694,0.011719,-0.002406,-0.003180,-0.004804,-0.003924,-0.018400,-0.006030,0.002117,-0.002908,0.017241,0.016289,-0.000327,0.012277,0.001058,-0.001367,0.010243,-0.003507,0.000416,0.006913,-0.007219,-0.020634,-0.002795,0.010054,-0.007359,0.003073,0.006181,0.012588,0.003465,0.002681,0.001823,-0.010751,0.003208,-0.015634,-0.007788,0.003657,0.000750,0.005938,-0.013148,0.010837,0.020783,-0.005413,-0.014406,-0.012682,-0.025620,-0.000657,0.010097,-0.023256,-0.015491,-0.008965
0.009977,0.012261,-0.030033,-0.016488,0.063067,0.032294,-0.000330,-0.077241,-0.039099,0.000937,-0.019101,0.009682,0.034126,-0.028162,0.003012,-0.050266,0.048252,0.008633,-0.009310,-0.031650,0.014146,0.036122,-0.036086,-0.015855,0.010036,0.070519,0.074842,0.036829,-0.019900,-0.002908,0.025941,-0.051233,-0.096431,-0.081005,-0.049280,-0.014831,0.002131,0.014313,0.005421,0.016942,-0.017154,0.034426,0.007100,0.020569,-0.003983,0.017700,-0.030004,-0.046291,0.010461,0.011453,-0.110443,-0.001674,0.053392,0.019387,0.030623,0.053869,0.063332,-0.045319,0.016817,0.016168,-0.035776,-0.060714,0.004571,0.030099,-0.007698,0.080045,0.044238,-0.042008,0.067600,0.107648,0.013680
0.232805,0.104850,0.158256,0.159828,-0.090160,-0.094634,-0.019215,0.146429,0.138813,0.020849,0.146891,-0.069601,-0.073935,0.088946,0.000945,0.126515,-0.009273,-0.053006,-0.050971,0.126016,-0.035973,-0.331671,0.126992,-0.018353,-0.030289,-0.150933,-0.114822,-0.212905,0.000581,0.017241,-0.051233,0.193756,0.252480,0.112266,0.136016,0.012286,-0.005327,0.041038,-0.037871,-0.036717,0.060359,-0.113087,-0.161151,-0.007425,0.073779,-0.065456,0.021384,0.131153,0.066409,-0.029022,0.178100,0.063068,-0.139706,0.033172,-0.154873,-0.122980,-0.044277,0.060853,0.051430,-0.099909,0.083398,0.247141,-0.035253,-0.168971,-0.101237,-0.318552,-0.087011,0.135018,-0.218833,-0.264307,-0.084944
0.268060,0.046683,0.219868,0.205176,-0.250303,-0.174425,-0.058344,0.258185,0.245157,0.030951,0.142945,-0.026311,-0.140955,0.132997,-0.005508,0.237939,-0.130053,-0.046279,-0.096223,0.239626,-0.135207,-0.400517,0.159567,-0.006352,-0.032244,-0.342117,-0.261402,-0.281414,0.102608,0.016289,-0.096431,0.252480,0.435384,0.323966,0.177997,0.019543,0.007143,-0.057991,-0.046020,-0.108431,0.054442,-0.193861,-0.100788,0.019629,0.036621,-0.061039,0.015390,0.261551,-0.027100,-0.135201,0.458334,0.139214,-0.213233,0.031886,-0.169845,-0.216163,-0.191971,0.161214,0.037602,-0.059802,0.057805,0.340342,-0.008573,-0.226549,-0.064635,-0.457692,-0.231805,0.208309,-0.227461,-0.482344,-0.086079
0.048899,-0.096126,0.107661,0.076557,-0.275205,-0.137192,-0.060374,0.206065,0.181093,0.015120,0.001349,0.063330,-0.118305,0.080022,-0.011322,0.193889,-0.208188,0.006999,-0.065797,0.189110,-0.159775,-0.120498,0.065509,0.025618,-0.007212,-0.326167,-0.259157,-0.120996,0.166816,-0.000327,-0.081005,0.112266,0.323966,0.362853,0.085739,0.017627,0.018443,-0.159995,-0.014763,-0.118349,-0.002053,-0.139541,0.091437,0.033006,-0.056332,-0.000474,0.003673,0.221503,-0.149870,-0.169426,0.481448,0.118390,-0.136414,-0.010631,-0.035650,-0.167185,-0.256291,0.174982,-0.029075,0.055724,-0.024596,0.169459,0.039593,-0.101390,0.060695,-0.248689,-0.243212,0.131101,-0.041538,-0.383332,-0.007231
-0.039633,0.024125,0.059847,0.030258,-0.071322,-0.043855,0.034637,0.168258,0.046775,-0.010016,0.082397,-0.078899,-0.059272,0.062166,-0.003917,0.077555,-0.049672,-0.040303,0.066348,0.014313,0.040030,-0.092224,0.102845,0.039202,-0.034549,-0.074090,-0.125061,-0.081918,-0.027449,0.012277,-0.049280,0.136016,0.177997,0.085739,0.138803,0.043515,-0.018975,0.047678,-0.014586,0.005679,0.068425,-0.051905,-0.095921,-0.093135,0.054991,-0.069406,0.106500,0.047725,0.058067,0.055947,0.127364,-0.057046,-0.123838,-0.058986,-0.103933,-0.105727,-0.078544,0.064300,-0.037134,-0.100596,0.150072,0.141675,-0.043226,-0.064843,-0.019132,-0.171078,-0.022995,0.086100,-0.238341,-0.184206,-0.053208
-0.150235,-0.035827,-0.030996,-0.056119,-0.015881,0.010833,0.036725,0.064008,-0.030351,-0.018472,-0.008790,-0.026878,-0.011849,0.005900,-0.003830,0.000919,-0.038726,-0.005213,0.078442,-0.049856,0.047985,0.093422,0.018960,0.041386,-0.012457,0.012157,-0.046288,0.040956,-0.019633,0.001058,-0.014831,0.012286,0.019543,0.017627,0.043515,0.029102,-0.012231,0.014742,0.007393,0.021388,0.024173,0.013737,0.006725,-0.070667,0.005595,-0.022402,0.074893,-0.024987,0.010283,0.057104,0.019442,-0.076245,-0.030520,-0.064651,-0.005051,-0.025001,-0.044857,0.023554,-0.056719,-0.028961,0.077772,-0.009544,-0.016129,0.032550,0.037413,0.021077,0.021967,0.002404,-0.080655,-0.019445,0.000505
0.060888,0.002540,0.015694,0.024279,-0.012578,-0.012307,-0.021052,-0.018163,0.022834,0.008736,-0.003216,0.021254,-0.001394,-0.000040,0.000694,0.010387,-0.000331,0.005619,-0.038861,0.033039,-0.034092,-0.036514,-0.009139,-0.015603,0.006512,-0.026784,0.003851,-0.018656,0.023596,-0.001367,0.002131,-0.005327,0.007143,0.018443,-0.018975,-0.012231,0.007572,-0.022859,-0.002784,-0.018322,-0.014161,-0.012931,0.013050,0.035352,-0.011185,0.013393,-0.034734,0.024348,-0.021181,-0.039389,0.024826,0.041913,0.008767,0.026752,0.006860,0.002716,-0.000054,0.001720,0.020629,0.023038,-0.041628,0.006972,0.012577,-0.015311,-0.006569,-0.015645,-0.027108,0.003751,0.043845,-0.011828,0.003364
-0.005756,0.094370,-0.004101,-0.000097,0.116983,0.043966,0.052814,-0.010111,-0.061228,-0.010768,0.072727,-0.096166,0.027913,0.000746,0.005208,-0.055196,0.102527,-0.036636,0.066979,-0.086304,0.114966,-0.039757,0.039353,0.001300,-0.020061,0.135494,0.073056,-0.010260,-0.119677,0.010243,0.014313,0.041038,-0.057991,-0.159995,0.047678,0.014742,-0.022859,0.134605,-0.006066,0.070273,0.050121,0.037427,-0.141237,-0.072354,0.079736,-0.050038,0.059228,-0.087687,0.138814,0.130975,-0.199211,-0.092666,-0.008521,-0.018419,-0.064280,0.023921,0.110327,-0.063486,0.008569,-0.109066,0.112798,0.018698,-0.055196,-0.004682,-0.068662,0.001178,0.123449,-0.009368,-0.145586,0.089683,-0.040973
-0.103025,-0.036916,-0.044790,-0.054121,0.011472,0.023267,0.016146,-0.008439,-0.039313,-0.010822,-0.035899,0.007164,0.011094,-0.016960,-0.001658,-0.025691,-0.013671,0.010184,0.037470,-0.043028,0.022563,0.104865,-0.021193,0.018590,0.002446,0.034060,0.006781,0.060290,-0.004830,-0.003507,0.005421,-0.037871,-0.046020,-0.014763,-0.014586,0.007393,-0.002784,-0.006066,0.010911,0.014134,-0.005279,0.028369,0.039532,-0.022123,-0.015317,0.006995,0.020875,-0.035298,-0.013186,0.023996,-0.027509,-0.038809,0.019235,-0.029689,0.032566,0.017026,-0.008513,-0.003470,-0.031283,0.013166,0.007626,-0.056636,0.002870,0.047794,0.036228,0.075669,0.024097,-0.027863,0.020960,0.048013,0.019130
-0.173773,-0.004672,-0.075677,-0.089021,0.087560,0.064008,0.058318,-0.018168,-0.100685,-0.024345,-0.015257,-0.046033,0.034239,-0.026890,0.000317,-0.074332,0.037729,-0.005349,0.102232,-0.122026,0.105832,0.148459,-0.010559,0.031833,-0.008226,0.135777,0.053220,0.092508,-0.079254,0.000416,0.016942,-0.036717,-0.108431,-0.118349,0.005679,0.021388,-0.018322,0.070273,0.014134,0.065111,0.021706,0.068456,-0.019558,-0.080373,0.022620,-0.018847,0.070684,-0.109735,0.061200,0.117846,-0.162173,-0.119567,0.025387,-0.060518,0.014510,0.041128,0.050576,-0.042684,-0.046912,-0.044059,0.081053,-0.080855,-0.028480,0.075399,0.018841,0.123696,0.112721,-0.050622,-0.054263,0.130439,0.006701
-0.042503,0.023525,0.015042,0.000803,-0.002137,-0.003911,0.030937,0.069707,-0.002428,-0.009357,0.044473,-0.054866,-0.017150,0.023573,-0.000925,0.015633,-0.001696,-0.023685,0.053017,-0.023254,0.048914,-0.025384,0.049252,0.021823,-0.019173,0.006061,-0.036811,-0.024441,-0.040363,0.006913,-0.017154,0.060359,0.054442,-0.002053,0.068425,0.024173,-0.014161,0.050121,-0.005279,0.021706,0.040343,-0.007773,-0.065145,-0.062481,0.038800,-0.040253,0.065077,-0.007084,0.054008,0.059862,0.004376,-0.055071,-0.051931,-0.036962,-0.052773,-0.037115,-0.011423,0.013023,-0.021589,-0.065966,0.093345,0.053456,-0.030878,-0.018548,-0.015658,-0.057480,0.023504,0.029271,-0.132990,-0.049504,-0.028276
-0.251094,-0.053353,-0.131417,-0.144718,0.106128,0.092372,0.056907,-0.073070,-0.142041,-0.029734,-0.077696,-0.007129,0.058138,-0.059648,-0.000527,-0.113403,0.029715,0.018883,0.108708,-0.154650,0.102048,0.270186,-0.062684,0.036488,0.005935,0.172877,0.087787,0.169543,-0.063253,-0.007219,0.034426,-0.113087,-0.193861,-0.139541,-0.051905,0.013737,-0.012931,0.037427,0.028369,0.068456,-0.007773,0.104304,0.056945,-0.065243,-0.014730,0.012403,0.051962,-0.145175,0.018779,0.109104,-0.202421,-0.127259,0.078739,-0.067344,0.079380,0.084009,0.054586,-0.057819,-0.064214,0.007631,0.032731,-0.172845,-0.007830,0.136072,0.062843,0.238610,0.127641,-0.098735,0.047708,0.216097,0.042869
-0.307661,-0.198435,-0.137300,-0.167503,-0.064240,0.034993,0.000262,-0.027700,-0.068951,-0.022914,-0.179881,0.112540,0.012994,-0.056591,-0.009449,-0.034643,-0.129774,0.066321,0.050918,-0.055941,-0.035669,0.362306,-0.106474,0.053204,0.027541,-0.011332,-0.036104,0.198956,0.093302,-0.020634,0.007100,-0.161151,-0.100788,0.091437,-0.095921,0.006725,0.013050,-0.141237,0.039532,-0.019558,-0.065145,0.056945,0.252849,0.002572,-0.121262,0.070389,0.004417,-0.033191,-0.167445,-0.046544,0.084668,-0.032763,0.074439,-0.070704,0.163494,0.037595,-0.119021,0.041638,-0.100990,0.143671,-0.086583,-0.199105,0.060603,0.154639,0.173142,0.241519,-0.034421,-0.082492,0.208885,0.079047,0.098376
0.395554,0.070995,0.102577,0.160306,-0.018644,-0.057323,-0.107150,-0.119743,0.116763,0.050647,0.022703,0.082632,0.004907,0.002097,0.007372,0.039350,0.054344,0.014919,-0.215234,0.168493,-0.157492,-0.265282,-0.034532,-0.100560,0.030364,-0.101441,0.062792,-0.130954,0.086318,-0.002795,0.020569,-0.007425,0.019629,0.033006,-0.093135,-0.070667,0.035352,-0.072354,-0.022123,-0.080373,-0.062481,-0.065243,0.002572,0.188507,-0.026560,0.057373,-0.191227,0.111810,-0.058747,-0.182871,0.054029,0.220972,0.048890,0.163428,0.005395,0.028094,0.059716,-0.022665,0.139083,0.086395,-0.204782,0.060866,0.049909,-0.105180,-0.082725,-0.107482,-0.108739,0.021992,0.197989,-0.032669,-0.002767
0.091671,0.086316,0.048396,0.055826,0.039491,-0.005520,0.015345,0.023420,0.012609,0.003778,0.081452,-0.065141,-0.003778,0.024278,0.003761,0.006270,0.059055,-0.033246,0.005787,-0.000433,0.041274,-0.132497,0.052820,-0.012507,-0.016709,0.026717,0.015269,-0.073296,-0.059227,0.010054,-0.003983,0.073779,0.036621,-0.056332,0.054991,0.005595,-0.011185,0.079736,-0.015317,0.022620,0.038800,-0.014730,-0.121262,-0.026560,0.061874,-0.040503,0.022731,-0.004530,0.090017,0.049909,-0.058876,-0.016368,-0.037882,0.012173,-0.076547,-0.017109,0.054530,-0.020979,0.030032,-0.080097,0.067921,0.081278,-0.035947,-0.056336,-0.072031,-0.093130,0.036463,0.032568,-0.122779,-0.023215,-0.045637
0.024149,-0.029267,-0.022279,-0.009901,0.004026,0.007764,-0.027534,-0.069601,-0.004274,0.007313,-0.049547,0.054889,0.018696,-0.025933,0.000618,-0.019638,-0.000649,0.024891,-0.045522,0.015461,-0.044018,0.042591,-0.051764,-0.018201,0.019185,-0.000181,0.037140,0.034098,0.038661,-0.007359,0.017700,-0.065456,-0.061039,-0.000474,-0.069406,-0.022402,0.013393,-0.050038,0.006995,-0.018847,-0.040253,0.012403,0.070389,0.057373,-0.040503,0.040631,-0.060115,0.000955,-0.055048,-0.054510,-0.008920,0.047301,0.054041,0.031126,0.057126,0.039177,0.009738,-0.013350,0.015811,0.066750,-0.090012,-0.061867,0.030687,0.026223,0.021428,0.069015,-0.018901,-0.033326,0.133627,0.056543,0.030880
-0.400572,-0.081585,-0.093117,-0.155812,-0.009456,0.044245,0.104362,0.146138,-0.100675,-0.050534,-0.021427,-0.079880,-0.017833,0.006974,-0.008730,-0.019608,-0.077069,-0.015390,0.215008,-0.153447,0.146175,0.257615,0.043838,0.106148,-0.032453,0.070170,-0.092257,0.120379,-0.072427,0.003073,-0.030004,0.021384,0.015390,0.003673,0.106500,0.074893,-0.034734,0.059228,0.020875,0.070684,0.065077,0.051962,0.004417,-0.191227,0.022731,-0.060115,0.198135,-0.091602,0.046496,0.171530,-0.005335,-0.215519,-0.065928,-0.169392,-0.011090,-0.047312,-0.087878,0.041687,-0.145858,-0.084920,0.210062,-0.042717,-0.048034,0.096302,0.090199,0.082025,0.086839,-0.007853,-0.211390,-0.008023,0.001048
0.338952,0.045250,0.172296,0.190955,-0.166850,-0.131552,-0.091786,0.088822,0.202023,0.043080,0.079410,0.039540,-0.080729,0.075187,-0.000379,0.160212,-0.062677,-0.013078,-0.166598,0.227459,-0.168325,-0.343883,0.066619,-0.051608,-0.000447,-0.260441,-0.127485,-0.217967,0.116946,0.006181,-0.046291,0.131153,0.261551,0.221503,0.047725,-0.024987,0.024348,-0.087687,-0.035298,-0.109735,-0.007084,-0.145175,-0.033191,0.111810,-0.004530,0.000955,-0.091602,0.213086,-0.064605,-0.182881,0.312647,0.197324,-0.094536,0.098463,-0.082384,-0.111113,-0.095929,0.089128,0.085883,0.024617,-0.082654,0.216221,0.027531,-0.175920,-0.064861,-0.307055,-0.200410,0.128311,-0.010291,-0.298943,-0.043061
0.060401,0.118373,0.025193,0.035020,0.109119,0.028657,0.042641,-0.003512,-0.035550,-0.003891,0.096455,-0.101336,0.020341,0.012139,0.006251,-0.038098,0.111016,-0.043490,0.043301,-0.058468,0.100713,-0.108056,0.053734,-0.010408,-0.021882,0.113018,0.067816,-0.049716,-0.116773,0.012588,0.010461,0.066409,-0.027100,-0.149870,0.058067,0.010283,-0.021181,0.138814,-0.013186,0.061200,0.054008,0.018779,-0.167445,-0.058747,0.090017,-0.055048,0.046496,-0.064605,0.147924,0.115895,-0.180637,-0.068044,-0.021789,0.000320,-0.086009,0.012243,0.115289,-0.060801,0.028503,-0.118274,0.108952,0.056207,-0.057353,-0.035955,-0.092178,-0.048828,0.107747,0.009197,-0.160771,0.057474,-0.053681
-0.364194,-0.020433,-0.127780,-0.167171,0.122518,0.101910,0.119580,0.032232,-0.170828,-0.050587,-0.013996,-0.102938,0.039390,-0.029649,-0.002058,-0.106909,0.033928,-0.018725,0.217438,-0.221155,0.203790,0.270992,0.010886,0.079307,-0.025867,0.214475,0.041704,0.156027,-0.144290,0.003465,0.011453,-0.029022,-0.135201,-0.169426,0.055947,0.057104,-0.039389,0.130975,0.023996,0.117846,0.059862,0.109104,-0.046544,-0.182871,0.049909,-0.054510,0.171530,-0.182881,0.115895,0.230869,-0.232633,-0.243049,0.003945,-0.141133,0.002082,0.035755,0.046681,-0.046704,-0.110996,-0.104711,0.197936,-0.110764,-0.062381,0.127111,0.045325,0.180987,0.190896,-0.065794,-0.171799,0.170103,0.001351
0.135254,-0.095960,0.173578,0.138905,-0.365694,-0.195340,-0.087671,0.279104,0.263484,0.026784,0.031472,0.072604,-0.162992,0.118126,-0.013556,0.271628,-0.260340,-0.000229,-0.108545,0.275008,-0.219935,-0.234900,0.104385,0.021418,-0.012676,-0.447678,-0.344203,-0.202930,0.216794,0.002681,-0.110443,0.178100,0.458334,0.481448,0.127364,0.019442,0.024826,-0.199211,-0.027509,-0.162173,0.004376,-0.202421,0.084668,0.054029,-0.058876,-0.008920,-0.005335,0.312647,-0.180637,-0.232633,0.645337,0.177590,-0.195189,0.004925,-0.074214,-0.232332,-0.327316,0.230654,-0.016626,0.057490,-0.030070,0.265486,0.046843,-0.167922,0.051091,-0.382495,-0.331356,0.192784,-0.079755,-0.536410,-0.025577
0.534913,0.101075,0.179875,0.243436,-0.083844,-0.112307,-0.138041,-0.069353,0.200116,0.066991,0.069935,0.083679,-0.031416,0.039041,0.007409,0.108145,0.033543,0.002598,-0.273767,0.257519,-0.214352,-0.421897,0.005807,-0.119012,0.025423,-0.204642,0.005624,-0.230727,0.122064,0.001823,-0.001674,0.063068,0.139214,0.118390,-0.057046,-0.076245,0.041913,-0.092666,-0.038809,-0.119567,-0.055071,-0.127259,-0.032763,0.220972,-0.016368,0.047301,-0.215519,0.197324,-0.068044,-0.243049,0.177590,0.291001,-0.002071,0.198395,-0.044118,-0.025260,0.023233,0.014228,0.173116,0.078136,-0.216614,0.165624,0.052722,-0.185262,-0.118226,-0.251139,-0.183529,0.082377,0.160203,-0.165543,-0.029235
-0.037528,-0.020328,-0.087731,-0.065881,0.108160,0.069646,-0.004983,-0.163787,-0.088696,-0.001542,-0.079640,0.049340,0.070553,-0.068916,0.004018,-0.105687,0.066327,0.033456,-0.015046,-0.068785,0.012866,0.146815,-0.097965,-0.022663,0.027604,0.132029,0.141416,0.114708,-0.013383,-0.010751,0.053392,-0.139706,-0.213233,-0.136414,-0.123838,-0.030520,0.008767,-0.008521,0.019235,0.025387,-0.051931,0.078739,0.074439,0.048890,-0.037882,0.054041,-0.065928,-0.094536,-0.021789,0.003945,-0.195189,-0.002071,0.125176,0.027985,0.099564,0.116309,0.098819,-0.080328,0.014748,0.069710,-0.099569,-0.164666,0.025549,0.091875,0.022828,0.210921,0.074447,-0.101572,0.191251,0.229648,0.050330
0.430013,0.120670,0.123471,0.183734,0.012283,-0.054463,-0.091806,-0.105898,0.114252,0.050184,0.069224,0.039210,0.005489,0.014155,0.009548,0.036302,0.091700,-0.005359,-0.200459,0.155816,-0.122196,-0.327647,-0.003776,-0.103983,0.019417,-0.072944,0.075482,-0.164788,0.043563,0.003208,0.019387,0.033172,0.031886,-0.010631,-0.058986,-0.064651,0.026752,-0.018419,-0.029689,-0.060518,-0.036962,-0.067344,-0.070704,0.163428,0.012173,0.031126,-0.169392,0.098463,0.000320,-0.141133,0.004925,0.198395,0.027985,0.163619,-0.038716,0.021079,0.095433,-0.038357,0.151088,0.034275,-0.155214,0.101292,0.025642,-0.130769,-0.122620,-0.150714,-0.076343,0.036697,0.118373,-0.035002,-0.029126
-0.218409,-0.116124,-0.127893,-0.137447,0.031346,0.062733,0.010493,-0.089853,-0.097065,-0.018161,-0.134215,0.071802,0.044941,-0.066004,-0.003248,-0.080404,-0.032623,0.048905,0.042692,-0.086033,0.009187,0.289698,-0.101830,0.025506,0.024966,0.080404,0.053491,0.176245,0.027153,-0.015634,0.030623,-0.154873,-0.169845,-0.035650,-0.103933,-0.005051,0.006860,-0.064280,0.032566,0.014510,-0.052773,0.079380,0.163494,0.005395,-0.076547,0.057126,-0.011090,-0.082384,-0.086009,0.002082,-0.074214,-0.044118,0.099564,-0.038716,0.134134,0.079474,-0.009998,-0.021753,-0.057767,0.097780,-0.072217,-0.195508,0.037438,0.138912,0.106700,0.247506,0.038069,-0.099165,0.183289,0.170054,0.075987
-0.039908,0.002258,-0.085017,-0.063766,0.130196,0.076837,0.008418,-0.156969,-0.099403,-0.004366,-0.058770,0.023720,0.073479,-0.065272,0.004944,-0.113518,0.086570,0.023084,0.002977,-0.086757,0.040288,0.132068,-0.083554,-0.020464,0.021291,0.157812,0.150891,0.107487,-0.041353,-0.007788,0.053869,-0.122980,-0.216163,-0.167185,-0.105727,-0.025001,0.002716,0.023921,0.017026,0.041128,-0.037115,0.084009,0.037595,0.028094,-0.017109,0.039177,-0.047312,-0.111113,0.012243,0.035755,-0.232332,-0.025260,0.116309,0.021079,0.079474,0.115887,0.119185,-0.090953,0.014985,0.040010,-0.066616,-0.152415,0.010981,0.086907,0.006226,0.201301,0.100373,-0.098800,0.145997,0.239298,0.038209
0.210293,0.142446,0.002035,0.055770,0.196076,0.061417,-0.005688,-0.188677,-0.057781,0.017081,0.049727,-0.032642,0.080811,-0.041488,0.013196,-0.108513,0.196875,-0.013229,-0.061076,-0.043456,0.048775,-0.115795,-0.036346,-0.074044,0.012144,0.182754,0.214581,-0.019292,-0.098044,0.003657,0.063332,-0.044277,-0.191971,-0.256291,-0.078544,-0.044857,-0.000054,0.110327,-0.008513,0.050576,-0.011423,0.054586,-0.119021,0.059716,0.054530,0.009738,-0.087878,-0.095929,0.115289,0.046681,-0.327316,0.023233,0.098819,0.095433,-0.009998,0.119185,0.230206,-0.140086,0.104231,-0.032779,-0.053808,-0.045022,-0.018979,-0.011424,-0.117465,0.069511,0.127542,-0.062066,0.068785,0.232087,-0.018464
-0.052930,-0.060231,0.035189,0.007912,-0.134146,-0.057915,-0.008148,0.129553,0.068239,-0.002571,-0.001182,0.012954,-0.061024,0.040897,-0.007113,0.090359,-0.114488,-0.000647,0.010876,0.061298,-0.047289,-0.011309,0.042017,0.033083,-0.010437,-0.143447,-0.143500,-0.036990,0.064772,0.000750,-0.045319,0.060853,0.161214,0.174982,0.064300,0.023554,0.001720,-0.063486,-0.003470,-0.042684,0.013023,-0.057819,0.041638,-0.022665,-0.020979,-0.013350,0.041687,0.089128,-0.060801,-0.046704,0.230654,0.014228,-0.080328,-0.038357,-0.021753,-0.090953,-0.140086,0.092587,-0.042124,0.007821,0.031713,0.076115,0.008599,-0.031738,0.045149,-0.107082,-0.099642,0.062985,-0.065658,-0.188136,-0.004643
0.415043,0.135569,0.125217,0.181988,0.024905,-0.049828,-0.077712,-0.089795,0.105570,0.046291,0.087007,0.015235,0.004602,0.019547,0.009801,0.033319,0.101963,-0.014923,-0.178521,0.139033,-0.096620,-0.334591,0.012090,-0.097707,0.012523,-0.055473,0.074434,-0.169863,0.020242,0.005938,0.016817,0.051430,0.037602,-0.029075,-0.037134,-0.056719,0.020629,0.008569,-0.031283,-0.046912,-0.021589,-0.064214,-0.100990,0.139083,0.030032,0.015811,-0.145858,0.085883,0.028503,-0.110996,-0.016626,0.173116,0.014748,0.151088,-0.057767,0.014985,0.104231,-0.042124,0.145572,0.006335,-0.119250,0.114714,0.011983,-0.134214,-0.132698,-0.162307,-0.056160,0.042037,0.069881,-0.035968,-0.039957
